File: p1
Use Time: 0.001 s
result:  
9324
1 1 1 1 1 1 1 1 1 1 
2 2 1 6 3 8 2 4 4 1 9 8 3 2 8 3 4 0 9 7 3 8 6 4 2 5 1 5 0 5 2 6 0 3 9 4 4 3 0 4 1 8 1 5 7 0 4 0 4 0 


File: p2
Use Time: 0.002 s
result:  
8010
1 1 1 1 1 1 1 1 1 1 
2 2 1 6 3 8 2 4 4 1 9 8 3 2 8 3 4 0 9 7 3 8 6 4 2 5 1 5 0 5 2 6 0 3 9 4 4 3 0 4 1 8 1 5 7 0 4 0 4 0 


File: p3
Use Time: 0.001 s
result:  
10010
1 1 1 1 1 1 1 1 1 1 
2 2 1 6 3 8 2 4 4 1 9 8 3 2 8 3 4 0 9 7 3 8 6 4 2 5 1 5 0 5 2 6 0 3 9 4 4 3 0 4 1 8 1 5 7 0 4 0 4 0 


File: p4
Use Time: 0.001 s
result:  
12010
1 1 1 1 1 1 1 1 1 1 
2 2 1 6 3 8 2 4 4 1 9 8 3 2 8 3 4 0 9 7 3 8 6 4 2 5 1 5 0 5 2 6 0 3 9 4 4 3 0 4 1 8 1 5 7 0 4 0 4 0 


File: p5
Use Time: 0.003 s
result:  
9169
1 1 1 1 1 1 1 1 1 1 
8 8 1 6 3 8 2 4 4 1 9 8 3 2 8 3 4 0 9 7 3 8 6 4 2 5 1 5 0 5 2 6 0 3 9 4 4 3 0 4 1 8 1 5 7 0 2 3 7 0 


File: p6
Use Time: 0.003 s
result:  
7855
1 1 1 1 1 1 1 1 1 1 
8 8 1 6 3 8 2 4 4 1 9 8 3 2 8 3 4 0 9 7 3 8 6 4 2 5 1 5 0 5 2 6 0 3 9 4 4 3 0 4 1 8 1 5 7 0 2 3 7 0 


File: p7
Use Time: 0.002 s
result:  
9855
1 1 1 1 1 1 1 1 1 1 
8 8 1 6 3 8 2 4 4 1 9 8 3 2 8 3 4 0 9 7 3 8 6 4 2 5 1 5 0 5 2 6 0 3 9 4 4 3 0 4 1 8 1 5 7 0 2 3 7 0 


File: p8
Use Time: 0.001 s
result:  
11855
1 1 1 1 1 1 1 1 1 1 
8 8 1 6 3 8 2 4 4 1 9 8 3 2 8 3 4 0 9 7 3 8 6 4 2 5 1 5 0 5 2 6 0 3 9 4 4 3 0 4 1 8 1 5 7 0 2 3 7 0 


File: p9
Use Time: 0.017 s
result:  
9040
1 1 1 1 1 1 1 1 1 1 
8 8 1 6 3 8 2 4 4 1 9 8 3 2 8 3 4 0 9 7 3 8 6 4 2 5 1 5 0 5 2 6 0 3 9 4 4 3 0 4 1 8 1 5 7 0 4 0 4 0 


File: p10
Use Time: 0.037 s
result:  
7726
1 1 1 1 1 1 1 1 1 1 
8 8 1 6 3 8 2 4 4 1 9 8 3 2 8 3 4 0 9 7 3 8 6 4 2 5 1 5 0 5 2 6 0 3 9 4 4 3 0 4 1 8 1 5 7 0 4 0 4 0 


File: p11
Use Time: 0.016 s
result:  
9726
1 1 1 1 1 1 1 1 1 1 
8 8 1 6 3 8 2 4 4 1 9 8 3 2 8 3 4 0 9 7 3 8 6 4 2 5 1 5 0 5 2 6 0 3 9 4 4 3 0 4 1 8 1 5 7 0 4 0 4 0 


File: p12
Use Time: 0.009 s
result:  
11726
1 1 1 1 1 1 1 1 1 1 
8 8 1 6 3 8 2 4 4 1 9 8 3 2 8 3 4 0 9 7 3 8 6 4 2 5 1 5 0 5 2 6 0 3 9 4 4 3 0 4 1 8 1 5 7 0 4 0 4 0 


File: p13
Use Time: 0.014 s
result:  
12032
1 1 1 1 1 1 1 1 1 1 1 1 1 1 1 1 1 1 1 1 
16 12 10 10 1 18 17 13 14 17 15 4 1 6 13 3 15 10 4 9 12 15 15 19 6 17 16 17 1 17 13 7 2 16 3 10 11 19 19 13 6 0 5 0 8 5 14 10 19 9 


File: p14
Use Time: 0.019 s
result:  
9180
1 1 1 1 1 1 1 1 1 1 1 1 1 1 1 1 1 1 1 1 
16 12 10 10 1 18 17 13 14 17 15 4 1 6 13 3 15 10 4 9 12 15 15 19 6 17 16 17 1 17 13 7 2 16 3 10 11 19 19 13 6 0 5 0 8 5 14 10 19 9 


File: p15
Use Time: 0.01 s
result:  
13180
1 1 1 1 1 1 1 1 1 1 1 1 1 1 1 1 1 1 1 1 
16 12 10 10 1 18 17 13 14 17 15 4 1 6 13 3 15 10 4 9 12 15 15 19 6 17 16 17 1 17 13 7 2 16 3 10 11 19 19 13 6 0 5 0 8 5 14 10 19 9 


File: p16
Use Time: 0.016 s
result:  
17180
1 1 1 1 1 1 1 1 1 1 1 1 1 1 1 1 1 1 1 1 
16 12 10 10 1 18 17 13 14 17 15 4 1 6 13 3 15 10 4 9 12 15 15 19 6 17 16 17 1 17 13 7 2 16 3 10 11 19 19 13 6 0 5 0 8 5 14 10 19 9 


File: p17
Use Time: 0.003 s
result:  
12032
1 1 1 1 1 1 1 1 1 1 1 1 1 1 1 1 1 1 1 1 
16 12 10 10 1 18 17 13 14 17 15 4 1 6 13 3 15 10 4 9 12 15 15 19 6 17 16 17 1 17 13 7 2 16 3 10 11 19 19 13 6 0 5 0 8 5 14 10 19 9 


File: p18
Use Time: 0.005 s
result:  
9180
1 1 1 1 1 1 1 1 1 1 1 1 1 1 1 1 1 1 1 1 
16 12 10 10 1 18 17 13 14 17 15 4 1 6 13 3 15 10 4 9 12 15 15 19 6 17 16 17 1 17 13 7 2 16 3 10 11 19 19 13 6 0 5 0 8 5 14 10 19 9 


File: p19
Use Time: 0.004 s
result:  
13180
1 1 1 1 1 1 1 1 1 1 1 1 1 1 1 1 1 1 1 1 
16 12 10 10 1 18 17 13 14 17 15 4 1 6 13 3 15 10 4 9 12 15 15 19 6 17 16 17 1 17 13 7 2 16 3 10 11 19 19 13 6 0 5 0 8 5 14 10 19 9 


File: p20
Use Time: 0.012 s
result:  
17180
1 1 1 1 1 1 1 1 1 1 1 1 1 1 1 1 1 1 1 1 
16 12 10 10 1 18 17 13 14 17 15 4 1 6 13 3 15 10 4 9 12 15 15 19 6 17 16 17 1 17 13 7 2 16 3 10 11 19 19 13 6 0 5 0 8 5 14 10 19 9 


File: p21
Use Time: 0.007 s
result:  
12032
1 1 1 1 1 1 1 1 1 1 1 1 1 1 1 1 1 1 1 1 
16 12 10 10 1 18 17 13 14 17 15 4 1 6 13 3 15 10 4 9 12 15 15 19 6 17 16 17 1 17 13 7 2 16 3 10 11 19 19 13 6 0 5 0 8 5 14 10 19 9 


File: p22
Use Time: 0.003 s
result:  
9180
1 1 1 1 1 1 1 1 1 1 1 1 1 1 1 1 1 1 1 1 
16 12 10 10 1 18 17 13 14 17 15 4 1 6 13 3 15 10 4 9 12 15 15 19 6 17 16 17 1 17 13 7 2 16 3 10 11 19 19 13 6 0 5 0 8 5 14 10 19 9 


File: p23
Use Time: 0.004 s
result:  
13180
1 1 1 1 1 1 1 1 1 1 1 1 1 1 1 1 1 1 1 1 
16 12 10 10 1 18 17 13 14 17 15 4 1 6 13 3 15 10 4 9 12 15 15 19 6 17 16 17 1 17 13 7 2 16 3 10 11 19 19 13 6 0 5 0 8 5 14 10 19 9 


File: p24
Use Time: 0.003 s
result:  
17180
1 1 1 1 1 1 1 1 1 1 1 1 1 1 1 1 1 1 1 1 
16 12 10 10 1 18 17 13 14 17 15 4 1 6 13 3 15 10 4 9 12 15 15 19 6 17 16 17 1 17 13 7 2 16 3 10 11 19 19 13 6 0 5 0 8 5 14 10 19 9 


File: p25
Use Time: 0.024 s
result:  
19089
1 1 1 1 1 1 1 1 1 1 0 1 1 1 1 1 1 1 0 1 1 1 1 0 1 1 1 1 1 1 
20 11 13 2 20 5 2 9 14 17 22 16 8 20 3 14 14 17 5 11 2 0 5 3 5 8 19 24 5 24 5 25 6 25 20 20 24 15 0 14 0 14 15 8 24 14 0 13 27 8 29 14 14 5 13 20 17 11 0 14 0 5 20 11 11 11 9 0 5 9 20 6 11 17 24 8 26 20 14 24 20 7 13 17 17 17 2 4 20 5 2 24 7 11 7 5 2 3 21 16 8 7 17 25 2 29 17 11 14 28 14 1 2 11 11 21 24 24 24 24 5 8 25 13 16 0 5 9 0 12 0 11 24 5 8 14 7 5 20 17 0 8 20 14 8 25 25 5 2 5 


File: p26
Use Time: 0.022 s
result:  
16023
1 1 1 1 1 1 1 1 1 1 0 1 1 1 1 1 1 1 0 1 1 1 1 0 1 1 1 1 1 1 
20 11 13 2 20 5 2 9 14 17 22 16 8 20 3 14 14 17 5 11 2 0 5 3 5 8 19 24 5 24 5 25 6 25 20 20 24 15 0 14 0 14 15 8 24 14 0 13 27 8 29 14 14 5 13 20 17 11 0 14 0 5 20 11 11 11 9 0 5 9 20 6 11 17 24 8 26 20 14 24 20 7 13 17 17 17 2 4 20 5 2 24 7 11 7 5 2 3 21 16 8 7 17 25 2 29 17 11 14 28 14 1 2 11 11 21 24 24 24 24 5 8 25 13 16 0 5 9 0 12 0 11 24 5 8 14 7 5 20 17 0 8 20 14 8 25 25 5 2 5 


File: p27
Use Time: 0.027 s
result:  
21423
1 1 1 1 1 1 1 1 1 1 0 1 1 1 1 1 1 1 0 1 1 1 1 0 1 1 1 1 1 1 
20 11 13 2 20 5 2 9 14 17 22 16 8 20 3 14 14 17 5 11 2 0 5 3 5 8 19 24 5 24 5 25 6 25 20 20 24 15 0 14 0 14 15 8 24 14 0 13 27 8 29 14 14 5 13 20 17 11 0 14 0 5 20 11 11 11 9 0 5 9 20 6 11 17 24 8 26 20 14 24 20 7 13 17 17 17 2 4 20 5 2 24 7 11 7 5 2 3 21 16 8 7 17 25 2 29 17 11 14 28 14 1 2 11 11 21 24 24 24 24 5 8 25 13 16 0 5 9 0 12 0 11 24 5 8 14 7 5 20 17 0 8 20 14 8 25 25 5 2 5 


File: p28
Use Time: 0.024 s
result:  
26823
1 1 1 1 1 1 1 1 1 1 0 1 1 1 1 1 1 1 0 1 1 1 1 0 1 1 1 1 1 1 
20 11 13 2 20 5 2 9 14 17 22 16 8 20 3 14 14 17 5 11 2 0 5 3 5 8 19 24 5 24 5 25 6 25 20 20 24 15 0 14 0 14 15 8 24 14 0 13 27 8 29 14 14 5 13 20 17 11 0 14 0 5 20 11 11 11 9 0 5 9 20 6 11 17 24 8 26 20 14 24 20 7 13 17 17 17 2 4 20 5 2 24 7 11 7 5 2 3 21 16 8 7 17 25 2 29 17 11 14 28 14 1 2 11 11 21 24 24 24 24 5 8 25 13 16 0 5 9 0 12 0 11 24 5 8 14 7 5 20 17 0 8 20 14 8 25 25 5 2 5 


File: p29
Use Time: 0.019 s
result:  
19059
1 1 1 1 1 1 1 1 1 1 0 1 1 1 1 1 1 1 0 1 1 1 1 0 1 1 1 1 1 1 
20 11 13 2 20 5 2 9 14 17 22 16 8 20 3 14 14 17 5 11 2 0 5 3 9 8 19 24 5 24 29 25 6 25 20 20 24 15 0 14 0 14 15 8 24 14 0 13 27 8 29 14 14 5 13 20 17 11 0 14 0 5 20 11 11 11 9 0 5 9 20 6 11 17 24 8 26 20 14 24 20 7 13 17 17 17 17 4 20 5 2 24 17 11 17 5 2 2 21 16 8 17 17 25 2 29 17 11 14 28 14 1 2 11 11 21 24 24 24 24 5 8 25 13 16 0 5 9 0 12 0 11 24 5 8 14 7 5 20 17 0 8 20 14 8 25 25 5 2 5 


File: p30
Use Time: 0.019 s
result:  
15993
1 1 1 1 1 1 1 1 1 1 0 1 1 1 1 1 1 1 0 1 1 1 1 0 1 1 1 1 1 1 
20 11 13 2 20 5 2 9 14 17 22 16 8 20 3 14 14 17 5 11 2 0 5 3 9 8 19 24 5 24 29 25 6 25 20 20 24 15 0 14 0 14 15 8 24 14 0 13 27 8 29 14 14 5 13 20 17 11 0 14 0 5 20 11 11 11 9 0 5 9 20 6 11 17 24 8 26 20 14 24 20 7 13 17 17 17 17 4 20 5 2 24 17 11 17 5 2 2 21 16 8 17 17 25 2 29 17 11 14 28 14 1 2 11 11 21 24 24 24 24 5 8 25 13 16 0 5 9 0 12 0 11 24 5 8 14 7 5 20 17 0 8 20 14 8 25 25 5 2 5 


File: p31
Use Time: 0.02 s
result:  
21393
1 1 1 1 1 1 1 1 1 1 0 1 1 1 1 1 1 1 0 1 1 1 1 0 1 1 1 1 1 1 
20 11 13 2 20 5 2 9 14 17 22 16 8 20 3 14 14 17 5 11 2 0 5 3 9 8 19 24 5 24 29 25 6 25 20 20 24 15 0 14 0 14 15 8 24 14 0 13 27 8 29 14 14 5 13 20 17 11 0 14 0 5 20 11 11 11 9 0 5 9 20 6 11 17 24 8 26 20 14 24 20 7 13 17 17 17 17 4 20 5 2 24 17 11 17 5 2 2 21 16 8 17 17 25 2 29 17 11 14 28 14 1 2 11 11 21 24 24 24 24 5 8 25 13 16 0 5 9 0 12 0 11 24 5 8 14 7 5 20 17 0 8 20 14 8 25 25 5 2 5 


File: p32
Use Time: 0.021 s
result:  
26793
1 1 1 1 1 1 1 1 1 1 0 1 1 1 1 1 1 1 0 1 1 1 1 0 1 1 1 1 1 1 
20 11 13 2 20 5 2 9 14 17 22 16 8 20 3 14 14 17 5 11 2 0 5 3 9 8 19 24 5 24 29 25 6 25 20 20 24 15 0 14 0 14 15 8 24 14 0 13 27 8 29 14 14 5 13 20 17 11 0 14 0 5 20 11 11 11 9 0 5 9 20 6 11 17 24 8 26 20 14 24 20 7 13 17 17 17 17 4 20 5 2 24 17 11 17 5 2 2 21 16 8 17 17 25 2 29 17 11 14 28 14 1 2 11 11 21 24 24 24 24 5 8 25 13 16 0 5 9 0 12 0 11 24 5 8 14 7 5 20 17 0 8 20 14 8 25 25 5 2 5 


File: p33
Use Time: 0.021 s
result:  
19055
1 1 1 1 1 1 1 1 1 1 0 1 1 1 1 1 1 1 0 1 1 1 1 0 1 1 1 1 1 1 
20 11 13 2 20 5 2 9 14 17 22 16 8 20 3 14 14 17 5 11 2 0 5 3 5 8 19 24 5 24 5 25 6 25 20 20 24 15 0 14 0 14 15 8 24 14 0 13 27 8 29 14 14 5 13 20 17 11 0 14 0 5 20 11 11 11 9 0 5 9 20 6 11 17 24 8 26 20 14 24 20 7 13 17 17 17 17 4 20 5 2 24 17 11 17 5 2 2 21 16 8 17 17 25 2 29 17 11 14 28 14 1 2 11 11 21 24 24 24 24 5 8 25 13 16 0 5 9 0 12 0 11 24 5 8 14 7 5 20 17 0 8 20 14 8 25 25 5 2 5 


File: p34
Use Time: 0.02 s
result:  
15989
1 1 1 1 1 1 1 1 1 1 0 1 1 1 1 1 1 1 0 1 1 1 1 0 1 1 1 1 1 1 
20 11 13 2 20 5 2 9 14 17 22 16 8 20 3 14 14 17 5 11 2 0 5 3 5 8 19 24 5 24 5 25 6 25 20 20 24 15 0 14 0 14 15 8 24 14 0 13 27 8 29 14 14 5 13 20 17 11 0 14 0 5 20 11 11 11 9 0 5 9 20 6 11 17 24 8 26 20 14 24 20 7 13 17 17 17 17 4 20 5 2 24 17 11 17 5 2 2 21 16 8 17 17 25 2 29 17 11 14 28 14 1 2 11 11 21 24 24 24 24 5 8 25 13 16 0 5 9 0 12 0 11 24 5 8 14 7 5 20 17 0 8 20 14 8 25 25 5 2 5 


File: p35
Use Time: 0.021 s
result:  
21389
1 1 1 1 1 1 1 1 1 1 0 1 1 1 1 1 1 1 0 1 1 1 1 0 1 1 1 1 1 1 
20 11 13 2 20 5 2 9 14 17 22 16 8 20 3 14 14 17 5 11 2 0 5 3 5 8 19 24 5 24 5 25 6 25 20 20 24 15 0 14 0 14 15 8 24 14 0 13 27 8 29 14 14 5 13 20 17 11 0 14 0 5 20 11 11 11 9 0 5 9 20 6 11 17 24 8 26 20 14 24 20 7 13 17 17 17 17 4 20 5 2 24 17 11 17 5 2 2 21 16 8 17 17 25 2 29 17 11 14 28 14 1 2 11 11 21 24 24 24 24 5 8 25 13 16 0 5 9 0 12 0 11 24 5 8 14 7 5 20 17 0 8 20 14 8 25 25 5 2 5 


File: p36
Use Time: 0.027 s
result:  
26789
1 1 1 1 1 1 1 1 1 1 0 1 1 1 1 1 1 1 0 1 1 1 1 0 1 1 1 1 1 1 
20 11 13 2 20 5 2 9 14 17 22 16 8 20 3 14 14 17 5 11 2 0 5 3 5 8 19 24 5 24 5 25 6 25 20 20 24 15 0 14 0 14 15 8 24 14 0 13 27 8 29 14 14 5 13 20 17 11 0 14 0 5 20 11 11 11 9 0 5 9 20 6 11 17 24 8 26 20 14 24 20 7 13 17 17 17 17 4 20 5 2 24 17 11 17 5 2 2 21 16 8 17 17 25 2 29 17 11 14 28 14 1 2 11 11 21 24 24 24 24 5 8 25 13 16 0 5 9 0 12 0 11 24 5 8 14 7 5 20 17 0 8 20 14 8 25 25 5 2 5 


File: p37
Use Time: 0.021 s
result:  
19055
1 1 1 1 1 1 1 1 1 1 0 1 1 1 1 1 1 1 0 1 1 1 1 0 1 1 1 1 1 1 
20 11 13 2 20 5 2 9 14 17 22 16 8 20 3 14 14 17 5 11 2 0 5 3 5 8 19 24 5 24 5 25 6 25 20 20 24 15 0 14 0 14 15 8 24 14 0 13 27 8 29 14 14 5 13 20 17 11 0 14 0 5 20 11 11 11 9 0 5 9 20 6 11 17 24 8 26 20 14 24 20 7 13 17 17 17 17 4 20 5 2 24 17 11 17 5 2 2 21 16 8 17 17 25 2 29 17 11 14 28 14 1 2 11 11 21 24 24 24 24 5 8 25 13 16 0 5 9 0 12 0 11 24 5 8 14 7 5 20 17 0 8 20 14 8 25 25 5 2 5 


File: p38
Use Time: 0.019 s
result:  
15989
1 1 1 1 1 1 1 1 1 1 0 1 1 1 1 1 1 1 0 1 1 1 1 0 1 1 1 1 1 1 
20 11 13 2 20 5 2 9 14 17 22 16 8 20 3 14 14 17 5 11 2 0 5 3 5 8 19 24 5 24 5 25 6 25 20 20 24 15 0 14 0 14 15 8 24 14 0 13 27 8 29 14 14 5 13 20 17 11 0 14 0 5 20 11 11 11 9 0 5 9 20 6 11 17 24 8 26 20 14 24 20 7 13 17 17 17 17 4 20 5 2 24 17 11 17 5 2 2 21 16 8 17 17 25 2 29 17 11 14 28 14 1 2 11 11 21 24 24 24 24 5 8 25 13 16 0 5 9 0 12 0 11 24 5 8 14 7 5 20 17 0 8 20 14 8 25 25 5 2 5 


File: p39
Use Time: 0.025 s
result:  
21389
1 1 1 1 1 1 1 1 1 1 0 1 1 1 1 1 1 1 0 1 1 1 1 0 1 1 1 1 1 1 
20 11 13 2 20 5 2 9 14 17 22 16 8 20 3 14 14 17 5 11 2 0 5 3 5 8 19 24 5 24 5 25 6 25 20 20 24 15 0 14 0 14 15 8 24 14 0 13 27 8 29 14 14 5 13 20 17 11 0 14 0 5 20 11 11 11 9 0 5 9 20 6 11 17 24 8 26 20 14 24 20 7 13 17 17 17 17 4 20 5 2 24 17 11 17 5 2 2 21 16 8 17 17 25 2 29 17 11 14 28 14 1 2 11 11 21 24 24 24 24 5 8 25 13 16 0 5 9 0 12 0 11 24 5 8 14 7 5 20 17 0 8 20 14 8 25 25 5 2 5 


File: p40
Use Time: 0.019 s
result:  
26789
1 1 1 1 1 1 1 1 1 1 0 1 1 1 1 1 1 1 0 1 1 1 1 0 1 1 1 1 1 1 
20 11 13 2 20 5 2 9 14 17 22 16 8 20 3 14 14 17 5 11 2 0 5 3 5 8 19 24 5 24 5 25 6 25 20 20 24 15 0 14 0 14 15 8 24 14 0 13 27 8 29 14 14 5 13 20 17 11 0 14 0 5 20 11 11 11 9 0 5 9 20 6 11 17 24 8 26 20 14 24 20 7 13 17 17 17 17 4 20 5 2 24 17 11 17 5 2 2 21 16 8 17 17 25 2 29 17 11 14 28 14 1 2 11 11 21 24 24 24 24 5 8 25 13 16 0 5 9 0 12 0 11 24 5 8 14 7 5 20 17 0 8 20 14 8 25 25 5 2 5 


File: p41
Use Time: 0.003 s
result:  
7113
1 1 1 1 1 1 1 1 1 1 
5 6 4 1 7 9 3 7 8 8 4 9 2 6 2 7 7 3 0 6 6 1 4 1 6 5 5 4 8 5 8 0 0 0 3 9 2 6 6 9 2 7 3 3 3 5 0 5 6 4 1 1 6 6 2 7 2 8 8 8 0 0 1 5 0 6 6 6 4 4 0 4 4 0 7 7 2 2 6 5 7 2 2 7 9 9 9 9 9 9 


File: p42
Use Time: 0.006 s
result:  
9957
1 1 1 1 1 1 1 1 1 1 1 1 1 1 1 1 1 1 1 1 
12 10 11 9 15 18 16 3 17 1 11 18 6 10 6 15 0 2 14 14 5 11 9 8 12 8 11 16 17 13 7 19 6 8 14 10 10 0 0 1 1 3 3 16 9 5 8 19 15 15 16 17 7 13 13 5 2 14 14 14 11 11 4 3 11 3 0 15 19 6 10 18 19 19 19 18 18 18 19 19 


File: p43
Use Time: 0.006 s
result:  
12448
1 1 1 1 1 1 1 1 1 1 0 1 1 1 0 1 0 1 1 1 1 1 1 1 1 1 1 1 1 1 
18 19 15 24 25 22 26 21 27 29 24 23 3 9 18 11 8 15 12 7 25 26 22 20 17 13 29 6 29 4 5 2 2 13 0 22 7 12 21 11 4 12 28 23 5 25 26 17 17 11 21 0 9 18 6 6 19 20 2 29 5 27 1 29 27 28 1 27 28 29 


File: p44
Use Time: 0.003 s
result:  
7400
1 1 1 1 1 1 1 1 1 1 
4 4 4 4 4 4 4 4 0 0 0 0 0 0 6 6 1 1 1 7 6 7 1 2 2 2 2 2 2 2 2 3 3 3 3 3 3 3 3 3 4 0 1 1 8 8 7 5 9 9 7 6 5 5 8 8 7 7 9 5 5 5 9 3 0 6 6 8 1 0 4 9 9 7 7 8 6 6 5 1 7 9 9 9 9 7 6 5 7 5 


File: p45
Use Time: 0.006 s
result:  
9848
1 1 1 1 1 1 1 1 1 1 1 1 1 1 1 1 1 1 1 1 
0 0 0 0 0 0 0 1 1 1 1 6 6 6 6 2 2 3 2 3 2 4 4 4 4 4 4 4 4 5 5 5 5 5 5 5 5 5 0 0 2 3 11 12 18 16 19 7 15 16 8 13 11 16 18 19 14 15 10 9 12 9 15 17 13 13 8 12 7 10 18 12 13 17 14 17 8 16 10 7 


File: p46
Use Time: 0.01 s
result:  
12639
1 1 1 1 1 1 1 1 1 1 1 1 1 1 1 1 1 1 1 1 0 1 1 0 1 1 1 1 1 1 
10 0 10 10 10 0 10 1 1 1 1 11 11 11 11 2 2 3 2 3 2 4 4 5 6 6 5 7 7 8 7 8 9 9 10 2 3 17 24 28 29 12 21 22 24 14 18 17 16 28 29 27 13 22 25 26 13 18 18 24 19 15 28 18 26 27 14 13 15 12 


File: p47
Use Time: 0.003 s
result:  
6414
1 1 1 1 1 1 1 1 1 1 
0 0 0 0 0 0 0 0 0 0 1 1 1 1 2 2 1 2 2 2 2 2 2 2 2 2 2 3 3 3 3 3 3 3 3 4 4 4 4 4 4 4 4 4 4 4 4 5 5 5 5 5 5 5 6 6 6 6 6 6 6 6 7 7 6 7 6 0 7 7 7 7 7 8 8 8 8 8 6 8 0 6 6 2 9 9 9 9 9 9 


File: p48
Use Time: 0.008 s
result:  
9044
1 1 1 1 1 1 1 1 1 1 1 1 1 1 1 1 1 1 1 1 
0 0 0 0 1 0 1 1 1 2 3 2 2 3 3 4 4 4 5 5 5 5 5 5 6 6 6 6 6 7 7 8 8 8 8 8 8 8 9 9 9 9 10 10 11 10 11 10 12 13 12 13 13 12 13 14 15 12 14 12 0 15 14 14 15 16 16 17 17 17 17 17 17 18 18 19 18 19 19 19 


File: p49
Use Time: 0.011 s
result:  
12420
1 1 1 1 1 1 1 1 1 1 1 1 1 1 1 1 1 1 1 1 1 1 1 1 1 1 1 1 1 0 
0 1 1 2 1 2 2 2 3 5 3 5 4 6 6 6 7 7 7 7 7 7 9 10 8 11 10 12 12 14 13 13 13 14 15 15 16 16 17 16 17 16 20 19 18 19 18 20 21 18 21 18 0 22 23 23 22 24 24 26 25 26 25 26 27 27 28 27 28 28 


File: p50
Use Time: 0.005 s
result:  
9854
1 1 1 1 1 1 1 1 1 1 
3 6 3 6 2 2 5 5 3 7 7 4 1 9 9 9 9 2 5 3 0 0 0 4 0 0 7 4 4 7 7 7 3 3 3 5 9 9 0 6 0 9 9 9 5 5 5 5 5 3 3 5 6 0 0 0 9 6 1 2 1 7 7 7 3 3 0 4 8 7 3 6 6 0 6 4 4 3 3 4 3 5 2 9 1 2 6 7 2 7 9 1 2 2 2 1 2 2 2 2 


File: p51
Use Time: 0.007 s
result:  
11333
1 1 1 1 1 1 1 1 1 0 1 0 1 1 1 1 1 1 1 1 
15 6 19 10 12 13 5 16 15 1 5 3 6 13 6 13 12 16 2 15 0 0 10 14 14 14 1 3 19 7 1 1 17 19 15 5 13 13 10 0 0 13 13 13 16 5 5 5 5 17 15 2 0 14 14 10 6 6 13 12 13 5 1 5 15 15 10 3 7 7 15 0 0 0 10 19 19 19 19 3 19 5 16 12 13 13 6 8 12 1 13 13 18 4 18 18 18 13 13 13 


File: p52
Use Time: 0.004 s
result:  
10332
1 1 1 1 1 1 1 1 1 1 
7 7 7 7 7 7 7 7 3 4 4 4 3 4 4 4 4 8 3 8 8 3 3 3 5 9 9 9 9 9 9 9 9 5 6 6 6 6 6 6 6 6 6 6 7 7 4 8 8 5 5 3 4 6 2 5 3 3 3 4 6 5 5 8 0 8 5 6 4 7 6 6 4 3 3 5 3 4 7 1 6 3 8 5 5 3 3 7 5 3 5 5 1 1 5 1 3 4 3 7 


File: p53
Use Time: 0.008 s
result:  
12470
1 1 1 1 1 1 1 1 0 1 0 1 1 1 1 1 1 1 1 1 
5 5 5 5 5 5 5 5 19 19 19 7 7 7 7 7 7 12 12 12 12 13 13 12 3 9 9 9 9 9 9 9 9 15 18 18 18 18 18 18 18 18 18 18 5 5 7 12 13 15 15 4 7 18 5 11 3 3 1 6 18 2 15 13 0 13 2 5 6 5 17 18 6 3 3 15 3 6 6 2 14 19 13 15 15 3 1 6 15 1 2 2 17 17 2 17 1 6 1 16 


File: p54
Use Time: 0.004 s
result:  
9843
1 1 1 1 1 1 1 1 1 1 
7 7 7 7 7 7 7 2 2 2 2 2 2 2 2 2 2 2 2 1 1 1 1 3 1 1 3 3 3 3 3 3 3 3 3 3 3 3 3 6 6 8 8 6 8 8 8 8 8 8 3 3 6 6 6 6 6 6 6 6 6 5 5 6 5 5 5 6 6 0 0 0 0 5 7 0 0 4 0 0 0 0 0 4 4 4 4 4 4 4 4 9 9 9 9 9 2 4 9 2 


File: p55
Use Time: 0.007 s
result:  
11921
1 1 1 1 1 1 1 1 1 1 0 1 1 1 1 1 1 1 1 1 
17 17 16 17 16 4 4 4 8 8 8 8 2 8 8 2 2 2 8 12 1 12 12 6 12 12 12 6 6 6 6 14 14 6 6 6 6 6 6 7 7 19 19 7 0 0 0 0 0 0 0 0 7 7 7 7 7 7 7 7 11 11 9 11 3 11 11 7 11 9 13 11 9 11 17 13 9 13 9 9 13 15 15 15 15 15 15 15 5 15 5 18 18 18 18 17 18 18 18 18 


File: p56
Use Time: 0.04 s
result:  
23882
1 1 1 1 1 1 1 1 1 1 1 1 1 1 1 1 1 1 1 1 1 1 1 1 1 1 1 1 1 1 
18 19 21 27 2 12 15 27 22 28 4 28 13 1 28 18 1 20 22 0 18 16 5 24 10 18 27 19 29 2 19 19 4 16 27 6 20 8 24 16 18 9 6 4 8 19 13 21 19 14 24 16 24 16 8 6 11 9 18 7 29 0 7 8 13 11 5 14 28 25 18 12 19 9 23 23 20 23 8 16 10 0 9 25 29 13 6 5 27 7 28 6 25 25 2 3 11 6 0 28 28 15 25 18 4 0 4 24 22 3 19 4 27 12 12 8 28 7 17 8 26 11 17 19 26 16 2 11 26 17 28 24 25 20 23 9 3 3 28 10 12 22 11 11 25 5 24 15 27 25 24 17 23 0 8 11 2 15 3 13 13 27 10 24 5 27 5 4 3 21 1 20 19 14 26 2 0 10 29 10 5 21 2 19 12 8 28 23 0 21 2 21 6 4 7 12 7 15 10 19 


File: p57
Use Time: 0.039 s
result:  
32882
1 1 1 1 1 1 1 1 1 1 1 1 1 1 1 1 1 1 1 1 1 1 1 1 1 1 1 1 1 1 
18 19 21 27 2 12 15 27 22 28 4 28 13 1 28 18 1 20 22 0 18 16 5 24 10 18 27 19 29 2 19 19 4 16 27 6 20 8 24 16 18 9 6 4 8 19 13 21 19 14 24 16 24 16 8 6 11 9 18 7 29 0 7 8 13 11 5 14 28 25 18 12 19 9 23 23 20 23 8 16 10 0 9 25 29 13 6 5 27 7 28 6 25 25 2 3 11 6 0 28 28 15 25 18 4 0 4 24 22 3 19 4 27 12 12 8 28 7 17 8 26 11 17 19 26 16 2 11 26 17 28 24 25 20 23 9 3 3 28 10 12 22 11 11 25 5 24 15 27 25 24 17 23 0 8 11 2 15 3 13 13 27 10 24 5 27 5 4 3 21 1 20 19 14 26 2 0 10 29 10 5 21 2 19 12 8 28 23 0 21 2 21 6 4 7 12 7 15 10 19 


File: p58
Use Time: 0.04 s
result:  
53882
1 1 1 1 1 1 1 1 1 1 1 1 1 1 1 1 1 1 1 1 1 1 1 1 1 1 1 1 1 1 
18 19 21 27 2 12 15 27 22 28 4 28 13 1 28 18 1 20 22 0 18 16 5 24 10 18 27 19 29 2 19 19 4 16 27 6 20 8 24 16 18 9 6 4 8 19 13 21 19 14 24 16 24 16 8 6 11 9 18 7 29 0 7 8 13 11 5 14 28 25 18 12 19 9 23 23 20 23 8 16 10 0 9 25 29 13 6 5 27 7 28 6 25 25 2 3 11 6 0 28 28 15 25 18 4 0 4 24 22 3 19 4 27 12 12 8 28 7 17 8 26 11 17 19 26 16 2 11 26 17 28 24 25 20 23 9 3 3 28 10 12 22 11 11 25 5 24 15 27 25 24 17 23 0 8 11 2 15 3 13 13 27 10 24 5 27 5 4 3 21 1 20 19 14 26 2 0 10 29 10 5 21 2 19 12 8 28 23 0 21 2 21 6 4 7 12 7 15 10 19 


File: p59
Use Time: 0.039 s
result:  
39121
1 1 1 1 1 1 1 1 1 1 1 1 1 1 1 1 1 1 1 1 1 1 1 1 1 1 1 1 1 1 
18 19 21 27 2 12 15 27 22 28 4 28 13 1 28 18 1 20 22 0 18 16 5 24 10 18 27 19 29 2 19 19 4 16 27 6 20 8 24 16 18 9 6 4 8 19 13 21 19 14 24 16 24 16 8 6 11 9 18 7 29 0 7 8 13 11 5 14 28 25 18 12 19 9 23 23 20 23 8 16 10 0 9 25 29 13 6 5 27 7 28 6 25 25 2 3 11 6 0 28 28 15 25 18 4 0 4 24 22 3 19 4 27 12 12 8 28 7 17 8 26 11 17 19 26 16 2 11 26 17 28 24 25 20 23 9 3 3 28 10 12 22 11 11 25 5 24 15 27 25 24 17 23 0 8 11 2 15 3 13 13 27 10 24 5 27 5 4 3 21 1 20 19 14 26 2 0 10 29 10 5 21 2 19 12 8 28 23 0 21 2 21 6 4 7 12 7 15 10 19 


File: p60
Use Time: 0.039 s
result:  
23882
1 1 1 1 1 1 1 1 1 1 1 1 1 1 1 1 1 1 1 1 1 1 1 1 1 1 1 1 1 1 
18 19 21 27 2 12 15 27 22 28 4 28 13 1 28 18 1 20 22 0 18 16 5 24 10 18 27 19 29 2 19 19 4 16 27 6 20 8 24 16 18 9 6 4 8 19 13 21 19 14 24 16 24 16 8 6 11 9 18 7 29 0 7 8 13 11 5 14 28 25 18 12 19 9 23 23 20 23 8 16 10 0 9 25 29 13 6 5 27 7 28 6 25 25 2 3 11 6 0 28 28 15 25 18 4 0 4 24 22 3 19 4 27 12 12 8 28 7 17 8 26 11 17 19 26 16 2 11 26 17 28 24 25 20 23 9 3 3 28 10 12 22 11 11 25 5 24 15 27 25 24 17 23 0 8 11 2 15 3 13 13 27 10 24 5 27 5 4 3 21 1 20 19 14 26 2 0 10 29 10 5 21 2 19 12 8 28 23 0 21 2 21 6 4 7 12 7 15 10 19 


File: p61
Use Time: 0.039 s
result:  
32882
1 1 1 1 1 1 1 1 1 1 1 1 1 1 1 1 1 1 1 1 1 1 1 1 1 1 1 1 1 1 
18 19 21 27 2 12 15 27 22 28 4 28 13 1 28 18 1 20 22 0 18 16 5 24 10 18 27 19 29 2 19 19 4 16 27 6 20 8 24 16 18 9 6 4 8 19 13 21 19 14 24 16 24 16 8 6 11 9 18 7 29 0 7 8 13 11 5 14 28 25 18 12 19 9 23 23 20 23 8 16 10 0 9 25 29 13 6 5 27 7 28 6 25 25 2 3 11 6 0 28 28 15 25 18 4 0 4 24 22 3 19 4 27 12 12 8 28 7 17 8 26 11 17 19 26 16 2 11 26 17 28 24 25 20 23 9 3 3 28 10 12 22 11 11 25 5 24 15 27 25 24 17 23 0 8 11 2 15 3 13 13 27 10 24 5 27 5 4 3 21 1 20 19 14 26 2 0 10 29 10 5 21 2 19 12 8 28 23 0 21 2 21 6 4 7 12 7 15 10 19 


File: p62
Use Time: 0.04 s
result:  
53882
1 1 1 1 1 1 1 1 1 1 1 1 1 1 1 1 1 1 1 1 1 1 1 1 1 1 1 1 1 1 
18 19 21 27 2 12 15 27 22 28 4 28 13 1 28 18 1 20 22 0 18 16 5 24 10 18 27 19 29 2 19 19 4 16 27 6 20 8 24 16 18 9 6 4 8 19 13 21 19 14 24 16 24 16 8 6 11 9 18 7 29 0 7 8 13 11 5 14 28 25 18 12 19 9 23 23 20 23 8 16 10 0 9 25 29 13 6 5 27 7 28 6 25 25 2 3 11 6 0 28 28 15 25 18 4 0 4 24 22 3 19 4 27 12 12 8 28 7 17 8 26 11 17 19 26 16 2 11 26 17 28 24 25 20 23 9 3 3 28 10 12 22 11 11 25 5 24 15 27 25 24 17 23 0 8 11 2 15 3 13 13 27 10 24 5 27 5 4 3 21 1 20 19 14 26 2 0 10 29 10 5 21 2 19 12 8 28 23 0 21 2 21 6 4 7 12 7 15 10 19 


File: p63
Use Time: 0.039 s
result:  
39121
1 1 1 1 1 1 1 1 1 1 1 1 1 1 1 1 1 1 1 1 1 1 1 1 1 1 1 1 1 1 
18 19 21 27 2 12 15 27 22 28 4 28 13 1 28 18 1 20 22 0 18 16 5 24 10 18 27 19 29 2 19 19 4 16 27 6 20 8 24 16 18 9 6 4 8 19 13 21 19 14 24 16 24 16 8 6 11 9 18 7 29 0 7 8 13 11 5 14 28 25 18 12 19 9 23 23 20 23 8 16 10 0 9 25 29 13 6 5 27 7 28 6 25 25 2 3 11 6 0 28 28 15 25 18 4 0 4 24 22 3 19 4 27 12 12 8 28 7 17 8 26 11 17 19 26 16 2 11 26 17 28 24 25 20 23 9 3 3 28 10 12 22 11 11 25 5 24 15 27 25 24 17 23 0 8 11 2 15 3 13 13 27 10 24 5 27 5 4 3 21 1 20 19 14 26 2 0 10 29 10 5 21 2 19 12 8 28 23 0 21 2 21 6 4 7 12 7 15 10 19 


File: p64
Use Time: 0.039 s
result:  
23882
1 1 1 1 1 1 1 1 1 1 1 1 1 1 1 1 1 1 1 1 1 1 1 1 1 1 1 1 1 1 
18 19 21 27 2 12 15 27 22 28 4 28 13 1 28 18 1 20 22 0 18 16 5 24 10 18 27 19 29 2 19 19 4 16 27 6 20 8 24 16 18 9 6 4 8 19 13 21 19 14 24 16 24 16 8 6 11 9 18 7 29 0 7 8 13 11 5 14 28 25 18 12 19 9 23 23 20 23 8 16 10 0 9 25 29 13 6 5 27 7 28 6 25 25 2 3 11 6 0 28 28 15 25 18 4 0 4 24 22 3 19 4 27 12 12 8 28 7 17 8 26 11 17 19 26 16 2 11 26 17 28 24 25 20 23 9 3 3 28 10 12 22 11 11 25 5 24 15 27 25 24 17 23 0 8 11 2 15 3 13 13 27 10 24 5 27 5 4 3 21 1 20 19 14 26 2 0 10 29 10 5 21 2 19 12 8 28 23 0 21 2 21 6 4 7 12 7 15 10 19 


File: p65
Use Time: 0.041 s
result:  
32882
1 1 1 1 1 1 1 1 1 1 1 1 1 1 1 1 1 1 1 1 1 1 1 1 1 1 1 1 1 1 
18 19 21 27 2 12 15 27 22 28 4 28 13 1 28 18 1 20 22 0 18 16 5 24 10 18 27 19 29 2 19 19 4 16 27 6 20 8 24 16 18 9 6 4 8 19 13 21 19 14 24 16 24 16 8 6 11 9 18 7 29 0 7 8 13 11 5 14 28 25 18 12 19 9 23 23 20 23 8 16 10 0 9 25 29 13 6 5 27 7 28 6 25 25 2 3 11 6 0 28 28 15 25 18 4 0 4 24 22 3 19 4 27 12 12 8 28 7 17 8 26 11 17 19 26 16 2 11 26 17 28 24 25 20 23 9 3 3 28 10 12 22 11 11 25 5 24 15 27 25 24 17 23 0 8 11 2 15 3 13 13 27 10 24 5 27 5 4 3 21 1 20 19 14 26 2 0 10 29 10 5 21 2 19 12 8 28 23 0 21 2 21 6 4 7 12 7 15 10 19 


File: p66
Use Time: 0.04 s
result:  
53882
1 1 1 1 1 1 1 1 1 1 1 1 1 1 1 1 1 1 1 1 1 1 1 1 1 1 1 1 1 1 
18 19 21 27 2 12 15 27 22 28 4 28 13 1 28 18 1 20 22 0 18 16 5 24 10 18 27 19 29 2 19 19 4 16 27 6 20 8 24 16 18 9 6 4 8 19 13 21 19 14 24 16 24 16 8 6 11 9 18 7 29 0 7 8 13 11 5 14 28 25 18 12 19 9 23 23 20 23 8 16 10 0 9 25 29 13 6 5 27 7 28 6 25 25 2 3 11 6 0 28 28 15 25 18 4 0 4 24 22 3 19 4 27 12 12 8 28 7 17 8 26 11 17 19 26 16 2 11 26 17 28 24 25 20 23 9 3 3 28 10 12 22 11 11 25 5 24 15 27 25 24 17 23 0 8 11 2 15 3 13 13 27 10 24 5 27 5 4 3 21 1 20 19 14 26 2 0 10 29 10 5 21 2 19 12 8 28 23 0 21 2 21 6 4 7 12 7 15 10 19 


File: p67
Use Time: 0.063 s
result:  
39671
1 1 1 1 1 1 1 1 1 1 1 1 1 1 1 1 1 1 1 1 1 1 1 1 1 1 1 1 1 1 
18 19 21 22 2 12 15 27 22 28 4 28 13 1 28 18 1 20 22 0 18 16 5 24 10 18 27 19 29 2 19 19 4 16 27 6 20 8 24 15 18 9 6 26 8 19 13 21 19 14 24 16 24 16 8 6 11 9 18 25 29 0 7 8 13 11 5 14 28 25 7 12 19 9 23 23 20 23 8 16 10 0 9 25 29 13 19 5 27 7 28 6 25 25 2 3 27 6 0 28 28 15 25 18 4 0 4 24 22 3 19 4 27 12 12 8 28 7 17 8 26 11 17 19 26 16 2 11 26 17 28 24 25 20 23 9 3 3 28 10 12 22 11 11 25 5 24 15 27 25 24 17 23 0 8 11 2 15 3 13 13 27 10 24 5 27 5 4 3 21 1 20 19 14 26 2 0 10 29 10 5 21 2 19 12 8 28 23 0 21 2 21 6 4 7 12 7 15 10 19 


File: p68
Use Time: 0.04 s
result:  
23882
1 1 1 1 1 1 1 1 1 1 1 1 1 1 1 1 1 1 1 1 1 1 1 1 1 1 1 1 1 1 
18 19 21 27 2 12 15 27 22 28 4 28 13 1 28 18 1 20 22 0 18 16 5 24 10 18 27 19 29 2 19 19 4 16 27 6 20 8 24 16 18 9 6 4 8 19 13 21 19 14 24 16 24 16 8 6 11 9 18 7 29 0 7 8 13 11 5 14 28 25 18 12 19 9 23 23 20 23 8 16 10 0 9 25 29 13 6 5 27 7 28 6 25 25 2 3 11 6 0 28 28 15 25 18 4 0 4 24 22 3 19 4 27 12 12 8 28 7 17 8 26 11 17 19 26 16 2 11 26 17 28 24 25 20 23 9 3 3 28 10 12 22 11 11 25 5 24 15 27 25 24 17 23 0 8 11 2 15 3 13 13 27 10 24 5 27 5 4 3 21 1 20 19 14 26 2 0 10 29 10 5 21 2 19 12 8 28 23 0 21 2 21 6 4 7 12 7 15 10 19 


File: p69
Use Time: 0.039 s
result:  
32882
1 1 1 1 1 1 1 1 1 1 1 1 1 1 1 1 1 1 1 1 1 1 1 1 1 1 1 1 1 1 
18 19 21 27 2 12 15 27 22 28 4 28 13 1 28 18 1 20 22 0 18 16 5 24 10 18 27 19 29 2 19 19 4 16 27 6 20 8 24 16 18 9 6 4 8 19 13 21 19 14 24 16 24 16 8 6 11 9 18 7 29 0 7 8 13 11 5 14 28 25 18 12 19 9 23 23 20 23 8 16 10 0 9 25 29 13 6 5 27 7 28 6 25 25 2 3 11 6 0 28 28 15 25 18 4 0 4 24 22 3 19 4 27 12 12 8 28 7 17 8 26 11 17 19 26 16 2 11 26 17 28 24 25 20 23 9 3 3 28 10 12 22 11 11 25 5 24 15 27 25 24 17 23 0 8 11 2 15 3 13 13 27 10 24 5 27 5 4 3 21 1 20 19 14 26 2 0 10 29 10 5 21 2 19 12 8 28 23 0 21 2 21 6 4 7 12 7 15 10 19 


File: p70
Use Time: 0.04 s
result:  
53882
1 1 1 1 1 1 1 1 1 1 1 1 1 1 1 1 1 1 1 1 1 1 1 1 1 1 1 1 1 1 
18 19 21 27 2 12 15 27 22 28 4 28 13 1 28 18 1 20 22 0 18 16 5 24 10 18 27 19 29 2 19 19 4 16 27 6 20 8 24 16 18 9 6 4 8 19 13 21 19 14 24 16 24 16 8 6 11 9 18 7 29 0 7 8 13 11 5 14 28 25 18 12 19 9 23 23 20 23 8 16 10 0 9 25 29 13 6 5 27 7 28 6 25 25 2 3 11 6 0 28 28 15 25 18 4 0 4 24 22 3 19 4 27 12 12 8 28 7 17 8 26 11 17 19 26 16 2 11 26 17 28 24 25 20 23 9 3 3 28 10 12 22 11 11 25 5 24 15 27 25 24 17 23 0 8 11 2 15 3 13 13 27 10 24 5 27 5 4 3 21 1 20 19 14 26 2 0 10 29 10 5 21 2 19 12 8 28 23 0 21 2 21 6 4 7 12 7 15 10 19 


File: p71
Use Time: 0.039 s
result:  
39121
1 1 1 1 1 1 1 1 1 1 1 1 1 1 1 1 1 1 1 1 1 1 1 1 1 1 1 1 1 1 
18 19 21 27 2 12 15 27 22 28 4 28 13 1 28 18 1 20 22 0 18 16 5 24 10 18 27 19 29 2 19 19 4 16 27 6 20 8 24 16 18 9 6 4 8 19 13 21 19 14 24 16 24 16 8 6 11 9 18 7 29 0 7 8 13 11 5 14 28 25 18 12 19 9 23 23 20 23 8 16 10 0 9 25 29 13 6 5 27 7 28 6 25 25 2 3 11 6 0 28 28 15 25 18 4 0 4 24 22 3 19 4 27 12 12 8 28 7 17 8 26 11 17 19 26 16 2 11 26 17 28 24 25 20 23 9 3 3 28 10 12 22 11 11 25 5 24 15 27 25 24 17 23 0 8 11 2 15 3 13 13 27 10 24 5 27 5 4 3 21 1 20 19 14 26 2 0 10 29 10 5 21 2 19 12 8 28 23 0 21 2 21 6 4 7 12 7 15 10 19 
