File: p1
Use Time: 10.652 s
result:  
9224
1 1 1 1 1 1 1 1 1 0 
8 2 1 6 3 8 2 4 4 1 4 0 3 2 8 3 4 0 6 7 3 4 6 4 2 5 1 5 0 5 2 6 0 3 4 4 4 3 0 4 1 8 1 5 7 0 2 0 4 0 


File: p2
Use Time: 11.497 s
result:  
7974
1 1 1 1 1 1 1 1 1 0 
0 2 1 6 3 8 2 4 4 1 4 8 3 2 8 3 4 0 6 7 3 8 6 4 2 5 1 5 0 5 2 6 0 3 4 4 4 3 0 4 1 8 1 5 7 0 4 0 4 3 


File: p3
Use Time: 11.755 s
result:  
9774
1 1 1 1 1 1 1 1 1 0 
0 2 1 6 3 8 2 4 4 1 4 8 3 2 8 3 4 0 6 7 3 8 6 4 2 5 1 5 0 5 2 6 0 3 4 4 4 3 0 4 1 8 1 5 7 0 4 0 4 3 


File: p4
Use Time: 11.529 s
result:  
11297
1 1 1 1 1 1 0 0 1 1 
0 2 1 5 3 8 2 4 4 1 9 8 3 2 8 3 4 0 9 4 3 8 9 4 2 5 1 5 0 5 2 5 0 3 9 4 4 3 0 4 1 8 1 5 4 0 4 0 4 3 


File: p5
Use Time: 12.872 s
result:  
9169
1 1 1 1 1 1 1 1 1 1 
8 8 1 6 3 8 2 4 4 1 9 8 3 2 8 3 4 0 9 7 3 8 6 4 2 5 1 5 0 5 2 6 0 3 9 4 4 3 0 4 1 8 1 5 7 0 2 3 7 0 


File: p6
Use Time: 10.976 s
result:  
7855
1 1 1 1 1 1 1 1 1 1 
8 8 1 6 3 8 2 4 4 1 9 8 3 2 8 3 4 0 9 7 3 8 6 4 2 5 1 5 0 5 2 6 0 3 9 4 4 3 0 4 1 8 1 5 7 0 2 3 7 0 


File: p7
Use Time: 12.278 s
result:  
9743
1 1 1 1 1 1 1 1 1 0 
8 2 1 6 3 8 2 4 4 1 4 8 3 2 8 3 4 0 6 7 3 8 6 4 5 5 1 5 8 5 2 6 0 3 4 4 7 3 0 4 1 8 1 5 7 0 2 0 7 0 


File: p8
Use Time: 11.44 s
result:  
11499
1 1 1 1 1 1 1 1 1 0 
8 8 1 6 3 8 2 4 4 1 4 8 3 2 8 3 4 0 6 7 3 8 6 4 2 5 1 5 0 5 2 6 0 3 4 4 7 3 0 4 1 8 1 5 7 0 2 3 7 0 


File: p9
Use Time: 12.377 s
result:  
8742
1 1 1 1 1 1 0 0 1 1 
8 8 1 5 3 8 2 4 4 1 9 8 3 2 8 3 4 0 9 4 3 8 9 4 2 5 1 5 0 5 2 5 0 3 9 4 4 3 0 4 1 8 1 5 4 0 2 0 4 0 


File: p10
Use Time: 12.111 s
result:  
7648
1 1 1 1 1 0 1 1 1 1 
8 8 1 6 3 8 2 4 4 1 9 8 3 2 8 3 4 0 9 7 3 8 6 4 2 6 1 1 0 1 2 6 0 3 9 4 4 3 0 4 1 8 1 6 7 0 4 0 4 0 


File: p11
Use Time: 11.618 s
result:  
9305
1 1 1 1 1 1 1 0 1 0 
8 8 1 6 3 8 2 4 4 1 4 8 3 2 8 3 2 0 6 4 3 8 6 4 2 5 1 5 0 5 2 6 0 3 4 4 4 3 0 4 1 8 1 5 4 0 2 0 4 0 


File: p12
Use Time: 12.044 s
result:  
10427
1 1 1 1 1 0 1 0 1 0 
8 8 1 6 3 8 2 4 4 1 4 8 3 2 8 3 2 0 6 4 3 8 6 4 2 6 1 1 0 1 2 6 0 3 4 4 4 3 0 4 1 8 1 6 4 0 2 0 4 0 


File: p13
Use Time: 12.396 s
result:  
9445
1 1 0 1 1 1 1 0 0 1 1 0 1 1 0 1 0 1 0 1 
0 12 10 10 1 12 17 13 12 17 15 4 1 6 13 3 15 10 4 9 12 15 15 19 6 17 0 17 1 17 13 15 13 0 3 10 3 19 19 13 6 0 5 0 3 5 12 10 19 9 


File: p14
Use Time: 11.362 s
result:  
7631
1 1 0 1 1 0 1 0 0 1 1 0 1 1 0 1 0 1 0 1 
0 12 10 10 1 12 17 13 12 17 15 4 1 6 13 3 15 10 4 9 12 15 15 19 6 17 0 17 1 17 13 15 13 0 3 10 3 19 19 13 6 0 15 0 3 13 12 10 19 9 


File: p15
Use Time: 11.945 s
result:  
10302
1 0 0 1 1 0 0 1 0 1 0 0 1 1 0 1 1 1 0 1 
16 12 7 7 19 12 17 13 12 17 15 4 19 9 13 3 15 7 4 9 12 15 15 19 9 17 16 17 3 17 13 7 13 16 3 7 3 19 19 13 9 0 0 0 3 13 12 7 19 9 


File: p16
Use Time: 11.312 s
result:  
12338
1 1 1 1 1 0 1 0 0 0 1 0 1 0 0 1 0 1 1 0 
0 12 10 10 1 18 17 18 12 17 15 4 1 6 2 3 15 10 4 6 12 15 15 2 6 17 0 17 1 17 2 15 2 0 3 10 3 1 1 2 6 0 15 0 3 18 12 10 2 6 


File: p17
Use Time: 10.975 s
result:  
8697
1 1 0 1 0 0 1 0 0 1 1 0 0 1 1 1 0 1 0 1 
0 1 10 10 1 15 17 13 14 17 15 19 1 6 13 3 15 10 17 9 14 15 15 19 6 17 0 17 1 17 13 15 13 0 3 10 3 19 19 13 6 0 15 0 3 13 14 10 19 9 


File: p18
Use Time: 11.003 s
result:  
8057
1 1 1 0 1 1 1 0 0 1 1 0 1 1 1 1 0 1 0 0 
0 12 10 10 1 12 17 13 14 17 15 4 1 6 13 12 15 10 4 9 12 15 15 2 6 17 0 17 1 17 13 15 2 0 1 10 17 1 1 13 6 0 5 0 9 5 14 10 2 9 


File: p19
Use Time: 11.633 s
result:  
10221
1 1 0 1 1 0 1 1 0 0 0 0 0 1 0 1 1 0 0 1 
16 1 7 7 1 15 3 13 7 4 15 4 1 6 13 3 15 7 4 6 15 15 15 19 6 4 16 3 1 4 13 7 13 16 3 6 3 19 19 13 6 0 0 0 3 13 7 7 19 6 


File: p20
Use Time: 11.321 s
result:  
11830
0 0 0 1 1 1 1 1 0 0 0 0 1 1 0 0 1 1 0 1 
16 12 7 7 19 12 17 13 12 17 7 4 19 6 13 3 5 7 4 6 12 5 7 19 6 17 16 17 3 17 13 7 13 16 3 6 3 19 19 13 6 16 5 16 3 5 12 7 19 6 


File: p21
Use Time: 11.084 s
result:  
9319
1 1 1 1 1 1 0 0 0 1 1 0 0 1 1 1 0 0 0 0 
0 1 10 10 1 15 3 13 14 4 15 4 1 10 13 3 15 10 4 9 14 15 15 2 9 4 0 3 1 4 13 15 2 0 3 10 3 1 1 13 10 0 5 0 3 5 14 10 2 9 


File: p22
Use Time: 10.812 s
result:  
7704
1 1 0 1 1 1 1 0 0 0 1 0 1 1 0 1 0 1 0 1 
0 12 10 10 1 12 17 13 12 17 15 4 1 6 13 3 15 10 4 6 12 15 15 19 6 17 0 17 1 17 13 15 13 0 3 10 3 19 19 13 6 0 5 0 3 5 12 10 19 6 


File: p23
Use Time: 10.97 s
result:  
10094
1 1 0 1 0 1 1 0 0 0 1 0 1 1 0 0 1 1 0 1 
16 12 10 10 1 12 17 13 12 17 5 19 1 6 13 3 5 10 17 6 12 5 5 19 6 17 16 17 1 17 13 10 13 16 3 10 3 19 19 13 6 0 5 0 3 5 12 10 19 6 


File: p24
Use Time: 10.984 s
result:  
11798
1 1 1 1 0 0 1 1 0 0 1 0 0 0 0 1 0 1 0 1 
0 1 10 10 1 15 17 2 7 17 15 19 1 6 2 3 15 10 17 6 15 15 15 19 6 17 0 17 1 17 2 7 2 0 3 10 3 19 19 2 6 0 0 0 3 15 7 10 19 6 


File: p25
Use Time: 54.705 s
result:  
14577
1 0 1 0 0 1 1 0 1 1 0 1 0 0 1 0 0 1 0 0 1 0 1 0 1 0 0 1 1 1 
20 11 20 14 20 5 2 9 14 17 22 8 8 20 2 14 14 17 5 11 2 0 5 0 5 8 2 24 5 24 5 11 6 11 20 20 24 24 0 14 0 14 24 28 24 14 0 20 27 8 29 14 14 5 20 20 17 11 0 14 0 5 20 11 11 11 22 0 9 9 20 6 11 17 24 8 22 20 14 24 20 0 20 17 17 17 17 0 20 5 2 24 17 11 0 24 2 14 29 20 8 17 14 11 2 29 0 11 14 28 14 14 2 11 11 27 24 24 24 24 5 8 11 20 8 0 5 9 0 29 0 11 24 5 8 14 0 5 20 17 0 8 20 14 8 27 11 5 2 5 


File: p26
Use Time: 50.494 s
result:  
13035
1 0 1 0 0 1 1 1 1 1 0 1 0 1 1 1 0 1 0 1 1 0 0 0 1 1 0 0 0 1 
20 11 13 2 20 5 2 9 14 17 9 8 8 20 19 14 14 17 5 11 2 0 5 19 5 8 19 24 5 24 5 25 6 25 20 20 24 15 0 14 0 14 15 8 24 14 0 13 11 8 29 14 14 5 20 20 17 11 11 14 0 5 20 11 11 11 9 0 5 9 20 6 11 17 24 8 24 20 14 24 20 7 13 17 19 17 17 7 20 5 2 24 17 11 7 5 2 19 25 13 8 7 17 25 2 29 7 11 14 8 14 14 2 11 11 25 24 24 24 24 5 8 25 13 8 0 5 24 0 25 0 11 24 5 8 14 7 5 20 17 0 8 20 14 8 25 25 5 2 5 


File: p27
Use Time: 49.588 s
result:  
15496
1 0 1 0 0 1 0 1 1 0 0 1 0 1 1 0 1 1 0 0 1 0 0 0 1 1 0 1 0 1 
20 11 13 14 20 5 2 24 14 17 24 16 8 20 7 14 14 17 5 11 2 0 5 7 5 8 2 24 5 24 5 25 20 25 20 20 24 24 0 14 0 14 24 8 24 14 0 13 27 8 29 14 14 5 13 20 17 27 11 14 0 5 20 11 11 11 24 0 24 24 20 20 11 17 24 8 24 20 14 24 20 7 20 17 2 17 17 7 20 5 2 24 17 11 7 24 2 14 25 16 8 7 17 25 2 29 7 11 14 8 14 14 2 11 11 25 24 24 24 24 5 8 25 13 16 0 5 24 0 29 0 11 24 5 8 14 7 5 20 17 0 8 20 14 8 25 25 5 2 5 


File: p28
Use Time: 49.544 s
result:  
18464
1 0 1 0 0 1 1 1 1 0 0 1 0 1 1 1 0 1 0 0 1 0 0 0 1 1 0 0 0 1 
20 11 13 14 20 5 2 24 14 17 24 8 8 20 2 14 14 17 5 11 2 0 5 7 5 8 2 24 5 24 5 25 6 25 20 20 24 15 0 14 0 14 15 8 24 14 0 13 11 8 29 14 14 5 13 20 17 11 0 14 0 5 20 11 11 11 24 0 5 24 20 6 11 17 24 8 24 20 14 24 20 7 13 17 17 17 17 7 20 5 2 24 17 11 7 24 2 14 25 13 8 17 14 25 2 29 7 11 14 8 14 14 2 11 11 25 24 24 24 24 5 8 25 13 8 0 5 24 0 25 0 11 24 5 8 14 7 5 20 17 0 8 20 14 8 25 25 5 2 5 


File: p29
Use Time: 49.208 s
result:  
14672
1 0 1 0 0 1 0 1 1 0 0 1 0 1 1 1 1 1 0 0 1 0 0 0 1 1 0 0 1 1 
20 11 13 2 20 5 2 24 14 17 24 16 8 20 17 14 14 17 25 11 2 0 29 17 5 8 2 24 5 24 5 25 13 25 20 20 24 15 0 14 0 14 15 28 24 14 0 13 11 8 29 14 14 5 13 20 17 11 11 14 0 5 20 11 11 11 24 0 5 5 20 20 11 17 24 8 24 20 14 24 20 7 13 17 2 17 17 7 20 5 2 24 17 11 17 24 2 2 25 16 8 17 17 25 2 29 17 11 28 28 14 14 2 11 11 25 24 15 5 24 5 8 25 13 16 0 5 15 0 25 0 11 24 29 8 14 7 5 20 17 0 8 20 14 8 25 25 5 2 5 


File: p30
Use Time: 48.517 s
result:  
12764
1 0 1 0 1 1 0 0 1 1 0 1 0 1 1 0 0 1 0 1 1 0 0 0 1 1 0 0 1 1 
20 11 13 2 20 5 2 9 28 17 24 8 8 20 19 14 14 17 5 11 2 0 5 17 5 8 19 24 5 24 5 25 13 25 20 20 24 24 0 14 0 14 24 28 24 14 4 13 11 8 29 14 14 5 13 20 17 11 0 14 0 5 20 11 11 11 9 0 9 9 20 20 11 17 24 8 9 20 14 9 20 0 13 17 19 17 17 4 20 5 2 24 17 11 17 5 2 2 25 13 8 17 17 25 2 29 17 11 14 28 14 14 2 11 11 25 24 24 24 24 5 8 25 13 8 0 5 9 0 29 0 11 24 29 8 14 17 5 20 17 0 8 20 14 8 25 25 5 2 5 


File: p31
Use Time: 58.734 s
result:  
15609
1 0 1 0 0 1 1 1 1 1 0 1 0 0 1 0 0 1 0 1 1 0 1 0 0 1 0 0 0 0 
20 11 8 2 20 5 2 9 14 17 22 8 8 20 17 14 14 17 25 11 2 0 9 17 22 8 19 5 5 22 25 25 6 25 20 20 5 9 0 14 0 14 9 14 9 14 0 20 11 8 25 14 14 5 6 20 17 11 0 14 0 5 20 11 11 11 22 0 22 22 8 6 11 17 9 8 9 20 2 9 20 7 20 17 19 17 17 7 20 25 2 9 17 11 17 9 2 2 25 8 8 17 17 25 2 25 17 11 14 8 14 14 2 11 11 25 5 9 5 5 5 8 25 20 8 0 5 9 0 25 0 11 5 25 8 14 7 5 20 17 0 8 20 14 8 25 25 5 2 5 


File: p32
Use Time: 56.031 s
result:  
18475
1 0 1 0 1 1 0 1 1 1 0 1 0 1 1 0 0 1 0 0 1 0 0 0 1 1 0 0 1 0 
20 11 13 2 20 5 2 24 28 17 9 8 8 20 17 14 14 17 25 11 2 0 5 17 5 8 2 24 5 24 5 25 13 25 20 20 24 24 0 14 0 14 24 8 24 14 4 13 11 8 5 14 14 5 13 20 17 11 0 14 0 5 20 11 11 11 9 0 5 9 20 20 11 17 24 8 9 20 14 9 20 7 13 17 2 17 17 4 20 5 2 24 17 11 17 5 2 2 25 13 8 17 17 25 2 25 17 11 14 28 14 14 2 11 11 25 24 24 24 24 5 8 25 13 8 0 5 9 0 25 0 11 24 25 8 14 7 5 20 17 0 8 20 14 8 25 25 5 2 5 


File: p33
Use Time: 58.534 s
result:  
14161
1 0 1 0 0 1 0 0 1 1 0 1 0 1 1 0 1 1 0 0 1 0 0 0 1 1 0 0 0 1 
20 11 13 2 20 5 2 24 14 17 24 16 8 20 17 14 14 17 5 11 2 0 5 17 5 8 2 24 5 24 5 25 13 25 20 20 24 24 0 14 0 14 24 8 24 14 0 13 11 8 29 14 14 5 20 20 17 11 0 14 0 5 20 11 11 11 24 0 24 9 20 20 11 17 24 8 24 20 14 24 20 0 13 17 17 17 17 0 20 5 2 24 17 11 17 9 2 2 25 16 8 17 17 25 2 29 17 11 14 8 14 14 2 11 11 25 24 24 24 24 5 8 25 13 16 0 5 9 0 29 0 11 24 5 8 14 17 5 20 17 0 8 20 14 8 25 25 5 2 5 


File: p34
Use Time: 49.857 s
result:  
12169
1 0 1 0 0 1 1 1 1 1 0 1 0 1 1 0 0 1 0 0 1 0 0 0 1 1 0 0 0 0 
20 11 13 2 20 5 2 24 14 17 9 8 8 20 17 14 14 17 5 11 2 0 5 17 5 8 2 24 5 24 5 25 6 25 20 20 24 24 0 14 0 14 24 8 24 14 0 13 11 8 5 14 14 5 20 20 17 11 11 14 0 5 20 11 11 11 9 0 9 9 20 6 11 17 24 8 9 20 14 24 20 7 20 17 17 17 17 7 20 5 2 24 17 11 17 24 2 2 25 20 8 17 17 25 2 25 17 11 14 8 14 14 2 11 11 25 24 24 24 24 5 8 25 13 8 0 5 9 0 25 0 11 24 5 8 14 7 5 20 17 0 8 20 14 8 25 25 5 2 5 


File: p35
Use Time: 53.219 s
result:  
15453
1 0 1 0 0 1 1 0 1 0 0 1 0 0 1 0 0 1 0 1 1 0 1 0 1 1 0 0 1 1 
20 11 20 2 20 5 2 24 14 17 22 8 8 20 19 14 14 17 5 11 2 0 5 17 5 8 19 24 5 24 5 25 6 25 20 20 24 24 0 14 0 14 24 28 24 14 0 20 11 8 29 14 14 5 20 20 17 11 11 14 0 5 20 11 11 11 22 0 22 24 20 6 11 17 24 8 24 20 14 24 20 0 20 17 17 17 17 0 20 5 2 24 17 11 17 24 2 2 25 20 8 17 17 25 2 29 17 11 14 28 14 14 2 11 11 25 24 24 24 24 5 8 25 20 8 0 5 24 0 29 0 11 24 5 8 14 17 5 20 17 0 8 20 14 8 25 25 5 2 5 


File: p36
Use Time: 55.106 s
result:  
17749
1 0 1 0 0 1 0 1 1 0 1 1 0 0 1 1 0 1 0 0 1 0 1 0 1 1 0 0 0 0 
20 11 20 2 20 5 2 24 14 17 22 8 8 20 17 14 14 17 5 11 2 0 5 17 5 8 2 24 5 24 5 25 8 25 20 20 24 15 0 14 0 14 15 8 24 14 0 20 11 8 5 14 14 5 20 20 17 11 0 14 0 5 20 11 11 11 22 0 5 22 8 20 11 17 24 8 22 20 14 24 20 7 20 17 17 17 17 7 20 5 2 24 17 11 17 5 2 2 25 20 8 17 17 25 2 25 17 11 14 8 14 14 2 11 11 25 24 24 24 24 5 8 25 20 8 0 5 24 0 25 0 11 24 5 8 14 7 5 20 17 0 8 20 14 8 25 25 5 2 5 


File: p37
Use Time: 52.081 s
result:  
13165
1 0 1 0 0 1 0 1 1 0 0 1 0 1 1 0 0 1 0 0 1 0 0 0 1 1 0 0 0 0 
20 11 20 2 20 5 2 24 14 17 24 8 8 20 17 14 14 17 5 11 2 0 5 17 5 8 2 24 5 24 5 25 13 25 20 20 24 24 0 14 0 14 24 8 24 14 7 13 11 8 5 14 14 5 20 20 17 11 0 14 0 5 20 11 11 11 24 0 5 24 20 20 11 17 24 8 24 20 14 24 20 7 13 17 17 17 17 7 20 5 2 24 17 11 17 5 2 2 25 20 8 17 17 25 2 25 17 11 14 8 14 14 2 11 11 25 24 24 24 24 5 8 25 13 8 0 5 24 0 25 0 11 24 5 8 14 7 5 20 17 0 8 20 14 8 25 25 5 2 5 


File: p38
Use Time: 57.542 s
result:  
12166
1 0 1 0 0 1 0 1 1 1 1 1 0 0 1 0 0 1 0 0 1 0 0 0 1 1 0 0 1 0 
20 11 20 2 20 5 2 9 14 17 9 8 8 20 17 14 14 17 5 11 2 0 5 17 5 8 2 24 5 24 5 25 20 25 20 20 24 24 0 14 0 14 24 28 24 14 7 20 11 8 5 14 14 5 20 20 17 11 11 14 0 5 20 11 11 11 9 0 9 9 20 20 11 17 24 8 9 20 14 24 20 7 20 17 17 17 17 7 20 5 2 24 17 11 17 9 2 2 25 20 8 17 17 25 2 25 17 11 14 28 14 14 2 11 11 25 24 24 24 24 5 8 25 20 8 0 5 24 0 25 0 11 24 5 8 14 7 5 20 17 0 8 20 14 8 25 25 5 2 5 


File: p39
Use Time: 50.198 s
result:  
15049
1 0 1 0 0 1 0 0 1 1 0 1 0 1 1 0 1 1 0 0 1 0 0 0 0 1 0 1 0 0 
20 11 20 2 20 5 2 9 14 17 9 16 8 20 17 14 14 17 5 11 2 0 5 17 5 8 2 5 5 9 5 25 13 25 20 20 5 9 0 14 0 14 9 8 5 14 0 13 27 8 5 14 14 5 13 20 17 27 0 14 0 5 20 11 11 11 9 0 5 9 20 20 11 17 9 8 9 20 14 9 20 0 13 17 17 17 17 0 20 5 2 9 17 11 17 5 2 2 25 16 8 17 17 25 2 25 17 11 14 8 14 14 2 11 11 25 5 9 5 5 5 8 25 13 16 0 5 9 0 25 0 11 5 5 8 14 17 5 20 17 0 8 20 14 8 25 25 5 2 5 


File: p40
Use Time: 51.121 s
result:  
17245
1 0 1 0 0 1 0 0 0 0 0 1 0 1 1 0 0 1 0 0 1 0 1 0 1 1 0 1 1 0 
20 11 13 2 20 5 2 24 14 17 22 20 28 20 17 14 14 17 5 11 2 0 5 17 5 20 2 24 5 24 5 25 13 25 20 20 24 24 0 14 0 14 24 28 24 14 0 13 27 28 5 14 14 5 13 20 17 27 11 14 0 5 20 11 11 11 22 0 22 24 20 20 11 17 24 20 24 20 14 24 20 0 13 17 17 17 17 0 20 5 2 24 17 11 17 24 2 2 25 13 28 17 17 25 2 25 17 11 14 28 14 14 2 11 11 27 24 24 24 24 5 28 25 13 20 0 5 24 0 25 0 11 24 5 28 14 17 5 20 17 0 28 20 14 20 25 25 5 2 5 


File: p41
Use Time: 23.344 s
result:  
6918
1 1 1 1 1 1 1 0 1 1 
5 6 4 1 2 9 3 3 8 8 4 6 2 6 2 2 5 3 0 6 6 1 4 1 6 5 5 4 8 5 8 0 0 0 3 9 2 6 6 9 2 3 3 3 3 5 0 5 6 4 1 1 6 6 2 9 2 8 8 8 0 0 1 5 0 6 6 6 4 4 0 4 4 0 3 2 2 2 6 5 5 2 9 9 9 9 9 2 9 2 


File: p42
Use Time: 19.172 s
result:  
7507
1 1 1 1 1 0 1 0 0 1 0 1 0 0 1 1 0 1 1 0 
2 14 11 9 15 18 1 3 17 1 11 18 6 14 6 15 0 2 14 14 9 11 9 11 18 11 11 2 17 4 1 18 6 14 14 6 6 0 0 1 1 3 3 18 9 14 18 18 15 15 1 17 1 4 2 9 2 14 14 14 11 11 4 3 11 3 0 15 6 6 18 18 6 18 18 18 18 18 18 6 


File: p43
Use Time: 16.067 s
result:  
7251
1 1 1 1 1 1 1 0 0 1 0 0 0 0 0 1 0 0 0 0 1 1 0 0 1 0 0 0 1 0 
6 21 15 24 2 20 9 21 1 5 24 2 3 9 6 6 21 15 21 0 0 9 20 20 20 2 28 6 4 4 5 2 2 2 0 9 0 1 21 6 4 1 28 24 5 3 3 20 9 15 21 0 9 6 6 6 21 20 2 5 5 28 1 5 28 28 1 1 28 28 


File: p44
Use Time: 22.53 s
result:  
7089
1 1 1 1 1 1 1 0 1 1 
4 4 4 4 4 4 4 4 6 0 0 0 0 0 0 0 1 1 1 6 1 1 6 2 2 2 2 2 2 2 2 3 3 3 3 3 3 3 3 3 4 0 1 1 2 8 6 5 9 8 6 6 5 5 8 8 8 5 9 5 5 5 9 3 0 6 6 2 6 5 4 9 9 5 1 8 6 6 5 8 5 9 9 9 8 9 6 5 6 5 


File: p45
Use Time: 18.937 s
result:  
7500
1 1 1 1 1 1 1 0 1 1 0 1 1 1 0 0 1 0 0 0 
0 0 0 0 0 0 0 1 1 1 1 6 6 6 6 2 2 3 2 3 2 4 4 4 4 4 4 4 4 5 5 5 5 5 5 5 5 5 0 0 2 3 11 12 1 16 16 3 6 16 8 13 11 16 13 16 5 6 9 9 12 9 0 16 13 13 8 12 9 9 13 12 13 8 16 16 8 16 9 13 


File: p46
Use Time: 16.428 s
result:  
7319
1 1 1 1 1 0 0 0 0 1 0 1 1 1 1 0 0 1 0 0 1 0 0 0 0 0 0 0 0 1 
0 0 0 0 0 0 0 1 1 1 1 11 11 11 11 2 2 3 2 3 2 4 4 4 4 4 4 9 9 9 9 13 9 9 0 2 3 17 3 1 29 12 20 0 17 14 14 17 29 29 29 13 13 11 3 14 13 12 12 14 12 12 29 14 14 13 14 13 20 12 


File: p47
Use Time: 20.853 s
result:  
6305
1 1 1 1 1 1 1 1 1 1 
0 0 0 0 0 0 0 0 0 0 1 2 1 1 1 2 1 2 2 2 2 2 2 2 2 2 2 3 3 3 3 3 3 3 3 4 4 4 4 4 4 4 4 4 4 4 4 5 5 5 5 5 5 5 6 6 6 6 6 6 6 6 7 7 6 7 6 0 7 7 7 7 7 8 8 8 6 8 6 8 8 0 9 2 9 9 9 8 9 9 


File: p48
Use Time: 18.128 s
result:  
6973
1 0 1 1 1 1 1 0 1 1 1 0 1 0 1 1 0 1 0 1 
0 0 0 0 0 0 0 0 0 2 3 3 2 3 3 4 4 4 5 5 5 5 5 5 6 6 6 6 6 6 6 8 8 8 8 8 8 9 9 9 9 9 10 10 10 10 10 10 8 17 12 12 12 12 8 14 15 12 14 12 0 15 14 14 15 17 17 17 17 17 17 17 17 19 19 19 19 19 19 19 


File: p49
Use Time: 15.647 s
result:  
6785
0 1 1 1 0 0 1 1 0 1 0 0 0 0 0 1 0 1 1 0 0 1 1 0 1 0 0 1 0 0 
1 1 1 2 1 2 2 2 3 3 3 3 3 6 6 6 7 7 7 7 7 7 9 9 9 9 9 15 15 15 15 15 15 15 15 15 17 17 17 17 17 17 18 18 18 18 18 18 21 18 21 18 1 22 22 22 22 24 24 24 24 24 24 24 27 27 27 27 27 27 


File: p50
Use Time: 27.571 s
result:  
9263
1 1 1 1 1 1 1 1 0 1 
3 6 3 0 2 1 5 5 3 7 7 4 6 9 9 9 9 5 5 3 6 0 0 4 0 4 7 4 4 7 7 7 3 3 3 5 9 9 0 6 0 9 9 9 5 5 5 5 5 3 3 5 6 0 0 0 9 6 1 2 2 7 7 7 3 3 0 4 7 7 3 6 6 0 0 4 4 3 3 4 3 5 2 2 2 2 1 7 2 7 9 1 2 2 1 2 1 9 1 1 


File: p51
Use Time: 28.413 s
result:  
9263
1 1 1 1 0 0 1 0 0 0 1 0 1 1 1 0 0 0 1 1 
19 6 19 10 12 13 2 2 19 1 2 3 6 13 6 13 12 12 2 1 0 0 10 14 14 14 2 3 19 1 2 1 19 19 19 2 13 13 10 0 0 13 13 13 12 2 2 2 2 19 19 2 0 14 14 10 6 6 18 12 13 2 1 2 19 1 10 3 1 1 19 0 0 0 10 19 19 19 19 3 19 2 12 12 13 13 6 2 12 1 13 13 13 18 18 18 13 18 13 13 


File: p52
Use Time: 28.862 s
result:  
9316
0 0 0 1 1 1 1 1 1 1 
7 7 7 7 7 7 7 7 4 4 4 4 3 4 4 4 4 8 8 8 8 3 3 8 3 9 9 9 9 9 5 9 9 5 6 6 6 6 6 6 6 6 6 6 7 7 4 8 8 5 5 3 4 6 7 5 3 3 3 4 6 9 5 3 3 3 5 6 4 7 9 6 4 3 3 5 3 4 7 6 6 4 3 5 5 3 3 7 5 3 3 5 9 5 5 6 3 4 3 7 


File: p53
Use Time: 28.432 s
result:  
9742
1 1 1 1 0 1 0 1 0 1 0 0 1 0 0 1 0 1 1 0 
5 5 5 5 5 5 5 5 1 7 7 7 7 7 7 7 7 12 3 12 12 3 12 12 3 9 9 9 9 9 9 9 9 15 18 18 18 18 18 18 18 18 18 18 5 5 7 12 12 15 15 3 7 18 5 15 3 3 1 7 18 2 15 15 3 3 2 18 7 5 17 18 7 3 3 15 3 7 7 2 18 1 3 15 15 3 1 5 15 3 2 2 17 17 2 17 1 7 1 5 


File: p54
Use Time: 25.08 s
result:  
9406
1 1 1 1 1 1 1 0 1 1 
9 2 9 9 9 2 2 2 2 2 2 2 2 2 2 2 2 2 2 1 1 1 1 3 1 1 3 3 3 3 3 3 3 3 3 3 3 3 3 6 6 6 8 6 8 8 8 8 8 8 8 3 6 6 6 6 6 6 6 6 6 5 5 6 5 5 5 6 6 0 0 0 0 5 2 0 0 0 0 0 0 0 4 4 4 4 4 4 4 4 4 9 4 9 4 9 9 4 9 2 


File: p55
Use Time: 25.562 s
result:  
9190
0 0 1 0 1 1 1 1 1 1 0 1 0 0 1 1 0 0 1 0 
18 18 4 18 4 4 4 4 4 4 2 8 2 8 8 8 2 2 2 6 6 6 2 6 6 2 6 6 6 6 6 14 14 6 6 6 6 6 6 7 7 7 7 7 7 7 7 7 14 7 7 6 7 7 7 7 7 7 7 7 11 11 11 11 11 11 11 7 11 9 9 11 9 11 18 9 9 9 9 9 15 15 15 15 15 15 15 15 5 15 5 18 18 18 18 18 18 18 18 18 


File: p56
Use Time: 76.592 s
result:  
23135
1 1 1 1 1 1 1 1 1 1 1 1 1 1 1 1 1 0 1 0 1 1 1 0 1 1 1 1 1 0 
18 6 21 27 2 12 15 27 22 28 4 28 13 1 28 18 1 20 22 0 18 16 5 24 10 18 27 14 4 2 6 26 4 16 27 6 20 8 24 16 18 9 6 4 8 26 13 21 14 14 24 16 24 16 8 6 11 9 18 7 4 0 7 8 13 11 5 14 28 25 18 12 6 9 5 13 20 5 8 16 10 0 9 25 4 13 6 5 27 7 28 6 25 25 2 3 11 6 0 28 28 15 25 18 4 0 4 24 22 3 14 4 27 12 12 8 28 7 14 8 26 11 28 6 26 16 2 11 26 0 28 24 25 20 1 9 3 3 28 10 12 22 11 11 25 5 24 15 27 25 24 0 10 0 8 11 2 15 3 13 13 27 10 24 5 27 5 4 3 21 1 20 28 14 26 2 0 10 4 10 5 21 2 6 12 8 28 10 0 21 2 21 6 4 7 12 7 15 10 6 


File: p57
Use Time: 75.36 s
result:  
30471
1 0 1 1 1 1 1 1 1 1 1 1 1 1 1 1 1 1 0 0 1 1 1 1 0 0 0 1 1 1 
7 6 21 27 2 12 15 27 22 28 4 28 13 13 28 7 3 20 22 0 27 16 5 0 10 27 27 14 29 2 6 4 4 16 27 6 20 8 16 16 7 9 6 4 8 6 13 21 14 14 0 16 2 16 8 6 11 9 22 7 29 0 7 8 13 11 5 14 28 12 7 12 6 9 23 23 20 23 8 16 10 0 9 7 29 13 6 5 27 7 28 6 11 11 2 3 11 6 0 28 28 15 12 7 4 0 4 16 22 3 14 4 27 12 12 8 28 7 17 8 9 11 17 6 9 16 2 11 4 17 28 21 11 20 23 9 3 3 28 10 12 22 11 11 11 5 16 15 27 11 27 17 23 0 8 11 2 15 3 13 13 27 10 2 5 27 5 4 3 21 5 20 28 14 4 2 0 10 29 10 5 21 2 6 12 8 28 23 0 21 2 21 6 4 7 12 7 15 10 6 


File: p58
Use Time: 73.46 s
result:  
48156
1 1 1 1 1 1 1 1 1 1 1 1 1 1 1 1 1 1 1 1 1 0 1 0 1 1 0 1 0 0 
18 19 2 27 2 12 15 27 22 17 4 17 13 1 19 18 1 20 22 0 18 16 5 24 10 18 27 14 4 2 19 19 4 16 27 6 20 8 24 16 18 9 6 4 8 19 13 2 19 14 24 16 24 16 8 6 11 9 18 7 4 0 7 8 13 11 5 14 19 25 18 12 19 9 5 13 20 5 8 16 10 0 9 25 4 13 6 5 27 7 17 6 25 25 2 3 11 6 0 17 17 15 25 18 4 0 4 24 22 3 19 4 27 12 12 8 11 7 17 8 9 11 17 19 9 16 2 11 19 17 11 24 25 20 1 9 3 3 17 10 12 22 11 11 25 5 24 15 27 25 24 17 10 0 8 11 2 15 3 13 13 27 10 24 5 27 5 4 3 15 1 20 19 14 4 2 0 10 4 10 5 15 2 19 12 8 11 10 0 24 2 2 6 4 7 12 7 15 10 19 


File: p59
Use Time: 74.102 s
result:  
36239
1 1 1 1 1 1 1 1 1 1 1 1 1 1 0 1 0 1 1 1 0 1 0 1 1 1 1 1 1 1 
18 19 21 27 2 12 15 27 18 28 4 28 13 1 28 18 1 10 27 0 18 21 5 24 10 18 27 19 29 2 19 19 4 21 27 6 8 8 24 15 18 9 6 4 8 19 13 21 19 17 24 24 24 21 8 6 11 9 18 7 29 0 7 8 13 11 5 17 28 25 18 12 19 9 23 23 10 23 8 24 10 0 9 25 29 13 6 5 27 7 28 6 25 25 2 3 11 6 0 28 28 15 25 18 4 0 4 24 27 3 19 4 27 12 12 8 28 7 17 8 26 11 17 19 26 21 2 11 26 17 28 24 25 10 23 9 3 3 28 10 12 27 11 11 25 5 24 15 27 25 24 17 23 0 8 11 2 15 3 13 13 27 10 24 5 27 5 4 3 21 1 8 19 10 26 2 0 10 29 10 5 21 2 19 12 8 28 23 0 21 2 21 6 4 7 12 7 15 10 19 


File: p60
Use Time: 73.009 s
result:  
22803
1 1 1 1 1 1 1 1 1 1 1 1 1 0 0 0 1 1 1 1 1 1 0 1 1 1 1 1 1 0 
18 19 21 27 2 12 21 27 18 28 4 28 10 1 28 18 1 20 27 0 18 16 5 24 10 18 27 19 4 2 19 19 4 16 27 6 20 8 24 16 18 9 6 4 8 19 3 21 19 20 24 16 24 16 8 6 11 9 18 7 4 0 7 8 3 11 5 17 28 25 18 12 19 9 23 23 20 23 8 16 10 0 9 25 4 10 6 5 27 7 28 6 25 25 2 3 11 6 0 28 28 21 25 18 4 0 4 24 27 3 19 4 27 12 12 8 28 7 17 8 26 11 17 19 26 16 2 11 26 17 28 24 25 20 23 9 3 3 28 10 12 27 11 11 25 5 24 21 27 25 24 17 23 0 8 11 2 16 3 3 1 27 10 24 5 27 5 4 3 21 1 20 19 10 26 2 0 10 4 10 5 21 2 19 12 8 28 23 0 21 2 21 6 4 7 12 7 21 10 19 


File: p61
Use Time: 74.492 s
result:  
29354
1 1 1 1 1 1 1 1 1 1 1 0 0 1 0 1 1 0 0 1 0 1 1 0 1 1 1 1 1 1 
7 19 21 27 2 6 15 27 22 28 4 28 13 1 28 7 1 10 22 0 27 16 5 24 10 27 27 19 29 2 19 19 4 16 27 6 8 8 24 16 7 9 6 4 8 19 13 21 19 10 24 16 24 16 8 6 25 9 22 7 29 0 7 8 13 25 5 19 28 25 7 6 19 9 5 13 10 5 8 16 10 0 9 25 29 13 6 5 27 7 28 6 25 25 2 3 28 6 0 28 28 15 25 7 4 0 4 24 22 3 19 4 27 6 6 8 28 7 0 8 26 25 28 19 26 16 2 28 26 0 28 24 25 10 1 9 3 3 28 10 6 22 28 25 25 5 24 15 27 25 24 0 10 0 8 28 2 15 3 13 13 27 10 24 5 27 5 4 3 21 1 8 19 10 26 2 0 10 29 10 5 21 2 19 6 8 28 10 0 21 2 21 6 4 7 6 7 15 10 19 


File: p62
Use Time: 73.942 s
result:  
47381
1 1 1 1 1 1 1 1 1 1 1 1 1 1 1 0 0 1 1 1 0 0 1 0 1 1 1 1 1 0 
18 19 2 27 2 12 2 27 22 28 4 28 13 1 28 18 1 10 22 0 18 24 5 24 10 18 27 19 4 2 19 19 4 24 27 6 8 8 24 24 18 9 6 4 8 19 13 2 19 14 24 24 24 24 8 6 11 9 18 25 4 0 7 8 13 11 5 14 28 25 18 12 19 9 5 13 10 5 8 24 10 0 9 25 4 13 6 5 27 7 28 6 25 25 2 3 11 6 0 28 28 2 25 18 4 0 4 24 22 3 19 4 27 12 12 8 28 7 17 8 26 11 17 19 26 24 2 11 26 17 28 24 25 10 1 9 3 3 28 10 12 22 11 11 25 5 24 2 27 25 24 17 10 0 8 11 2 2 3 13 13 27 10 24 5 27 5 4 3 2 1 8 19 14 26 2 0 10 4 10 5 2 2 19 12 8 28 10 0 24 2 2 6 4 7 12 7 2 10 19 


File: p63
Use Time: 74.347 s
result:  
34669
1 0 1 1 1 1 1 1 1 1 1 1 1 1 0 1 1 0 1 1 0 1 1 1 1 0 0 1 1 0 
18 19 21 27 2 12 15 27 22 28 4 28 13 13 28 18 3 10 22 0 18 16 5 24 10 18 27 19 4 2 19 19 4 16 27 6 8 8 24 16 18 9 6 4 8 19 13 21 19 10 24 16 24 16 8 6 11 9 18 7 4 0 7 8 13 11 5 19 28 12 18 12 19 9 23 23 10 23 8 16 10 0 9 7 4 13 6 5 27 7 28 6 7 11 2 3 11 6 0 28 28 15 12 18 4 0 4 24 22 3 19 4 27 12 12 8 28 7 0 8 9 11 28 19 9 16 2 11 19 0 28 24 11 10 23 9 3 3 28 10 12 22 11 11 11 5 24 15 27 11 24 0 23 0 8 11 2 15 3 13 13 27 10 24 5 27 5 4 3 21 5 8 19 10 4 2 0 10 4 10 5 21 2 19 12 8 28 23 0 21 2 21 6 4 7 12 7 15 10 19 


File: p64
Use Time: 76.696 s
result:  
22723
1 0 1 1 1 1 1 1 1 0 1 1 1 1 1 1 1 0 1 0 1 0 1 1 1 1 1 1 1 0 
18 6 2 27 2 12 15 27 22 28 4 28 13 13 28 18 3 20 22 0 18 16 5 24 10 18 27 14 4 2 6 26 4 16 27 6 20 8 24 16 18 8 6 4 8 26 13 2 14 14 24 16 24 16 8 6 11 8 18 7 4 0 7 8 13 11 5 14 28 25 18 12 6 8 23 23 20 23 8 16 10 0 26 25 4 13 6 5 27 7 28 6 25 25 2 3 11 6 0 28 28 15 25 18 4 0 4 24 22 3 14 4 27 12 12 8 28 7 14 8 26 11 28 6 26 16 2 11 26 0 28 24 25 20 23 8 3 3 28 10 12 22 11 11 25 5 24 15 27 25 24 0 23 0 8 11 2 15 3 13 13 27 10 24 5 27 5 4 3 15 5 20 28 14 26 2 0 10 4 10 5 15 2 6 12 8 28 23 0 2 2 2 6 4 7 12 7 15 10 6 


File: p65
Use Time: 75.108 s
result:  
28353
1 1 1 1 1 1 1 1 0 1 1 0 1 0 0 1 1 0 1 1 0 0 1 0 1 1 1 1 1 0 
18 19 2 27 2 12 15 27 22 28 4 28 10 1 28 18 1 10 22 0 18 16 5 24 10 18 27 19 4 2 19 19 4 16 27 6 10 9 24 16 18 9 6 4 9 19 3 2 19 10 24 16 24 16 9 6 25 9 18 7 4 0 7 9 3 25 5 19 28 25 18 12 19 9 5 10 10 5 9 16 10 0 9 25 4 10 6 5 27 7 28 6 25 25 2 3 28 6 0 28 28 15 25 18 4 0 4 24 22 3 19 4 27 12 12 9 28 7 0 9 26 25 28 19 26 16 2 12 26 0 28 24 25 10 1 9 3 3 28 10 12 22 12 25 25 5 24 15 27 25 24 0 10 0 3 28 2 15 3 3 1 27 10 24 5 27 5 4 3 15 1 10 19 10 26 2 0 10 4 10 5 15 2 19 12 9 28 10 0 2 2 2 6 4 7 12 7 15 10 19 


File: p66
Use Time: 86.168 s
result:  
44626
1 1 1 1 1 1 1 1 0 0 1 1 1 0 0 0 0 1 1 1 1 1 0 1 1 1 1 1 1 0 
18 19 21 27 2 12 21 27 18 28 4 28 10 1 28 18 1 20 27 0 18 21 5 24 10 18 27 19 4 2 19 19 4 21 27 6 20 20 24 21 18 20 6 4 20 19 3 21 19 20 24 24 24 21 20 6 11 26 18 25 4 0 7 20 3 11 5 17 28 25 18 12 19 20 23 23 20 23 20 24 10 0 26 25 4 10 6 5 27 7 28 6 25 25 2 3 11 6 0 28 28 21 25 18 4 0 4 24 27 3 19 4 27 12 12 20 28 7 17 20 26 11 17 19 26 21 2 11 26 17 28 24 25 20 23 20 3 3 28 10 12 27 11 11 25 5 24 21 27 25 24 17 23 0 20 11 2 21 3 3 1 27 10 24 5 27 5 4 3 21 1 20 19 10 26 2 0 10 4 10 5 21 2 19 12 20 28 23 0 21 2 21 6 4 7 12 7 21 10 19 


File: p67
Use Time: 102.246 s
result:  
34051
1 1 1 1 1 1 1 1 1 1 1 1 1 1 0 0 0 1 1 1 0 0 0 1 1 1 0 1 0 0 
18 19 2 27 2 12 2 27 27 17 4 17 13 1 19 18 1 10 27 0 18 24 5 24 10 18 27 19 4 2 19 19 4 24 27 6 8 8 24 2 18 9 6 4 8 19 13 2 19 10 24 24 24 24 8 6 11 9 18 25 4 0 7 8 13 11 5 17 19 25 7 12 19 9 23 23 10 23 8 24 10 0 9 25 4 13 19 5 27 7 11 6 25 25 2 3 27 6 0 17 17 2 25 18 4 0 4 24 27 3 19 4 27 12 12 8 11 7 17 8 9 11 17 19 9 24 2 11 19 17 11 24 25 10 23 9 3 3 17 10 12 18 11 11 25 5 24 24 27 25 24 17 23 0 8 11 2 2 3 13 13 27 10 24 5 27 5 4 3 24 1 8 19 10 4 2 0 10 4 10 5 2 2 19 12 8 11 23 0 2 2 2 6 4 7 12 7 2 10 19 


File: p68
Use Time: 95.813 s
result:  
22814
1 1 1 1 1 1 1 1 1 1 1 0 1 1 0 0 1 1 0 0 1 1 1 1 1 1 1 1 1 0 
7 6 21 27 2 12 21 27 22 28 4 28 13 1 28 7 1 20 22 0 27 16 5 24 10 27 27 28 4 2 6 26 4 16 27 6 20 8 24 16 7 9 6 4 8 26 13 21 6 20 24 16 24 16 8 6 25 9 22 7 4 0 7 8 13 25 5 17 28 25 7 12 6 9 23 23 20 23 8 16 10 0 9 25 4 13 6 5 27 7 28 6 25 25 2 3 28 6 0 28 28 21 25 7 4 0 4 24 22 3 26 4 27 12 12 8 28 7 17 8 26 25 17 6 26 16 2 12 26 17 28 24 25 20 23 9 3 3 28 10 12 22 12 25 25 5 24 21 27 25 24 17 23 0 8 12 2 16 3 13 13 27 10 24 5 27 5 4 3 21 1 20 28 10 26 2 0 10 4 10 5 21 2 6 12 8 28 23 0 21 2 21 6 4 7 12 7 21 10 6 


File: p69
Use Time: 95.861 s
result:  
29532
1 1 1 1 1 1 1 1 1 1 1 1 1 0 1 0 0 1 1 0 1 1 1 0 1 0 1 1 0 0 
18 6 21 27 2 12 21 27 22 17 4 17 10 1 6 18 1 20 22 0 18 21 5 24 10 18 27 14 4 2 6 26 4 21 27 6 20 8 24 21 18 9 6 4 8 26 3 21 14 14 24 24 24 21 8 6 11 9 18 7 4 0 7 8 3 11 5 14 6 12 18 12 6 9 5 10 20 5 8 24 10 0 9 7 4 10 6 5 27 7 17 6 7 11 2 3 11 6 0 17 17 21 12 18 4 0 4 24 22 3 14 4 27 12 12 8 11 7 17 8 26 11 17 6 26 21 2 11 26 17 11 24 11 20 1 9 3 3 17 10 12 22 11 11 11 5 24 21 27 7 24 17 10 0 8 11 2 21 3 3 1 27 10 24 5 27 5 4 3 21 1 20 14 14 26 2 0 10 4 10 5 21 2 6 12 8 11 10 0 21 2 21 6 4 7 12 7 21 10 6 


File: p70
Use Time: 93.591 s
result:  
47108
1 1 1 1 1 1 1 1 1 1 0 1 1 1 1 0 1 1 1 1 1 0 1 1 1 1 0 1 0 0 
18 19 2 27 2 12 2 27 22 17 4 17 13 1 19 18 1 20 22 0 18 16 5 24 23 18 27 19 4 2 19 19 4 16 27 6 20 8 24 16 18 9 6 4 8 19 13 2 19 14 24 16 24 16 8 6 11 9 18 7 4 0 7 8 13 11 5 14 19 25 18 12 19 9 23 23 20 23 8 16 23 0 9 25 4 13 6 5 27 7 17 6 25 25 2 3 11 6 0 17 17 16 25 18 4 0 4 24 22 3 19 4 27 12 12 8 11 7 17 8 9 11 17 19 9 16 2 11 19 17 11 24 25 20 23 9 3 3 17 14 12 22 11 11 25 5 24 16 27 25 24 17 23 0 8 11 2 16 3 13 13 27 23 24 5 27 5 4 3 2 1 20 19 14 4 2 0 20 4 20 5 16 2 19 12 8 11 23 0 2 2 2 6 4 7 12 7 2 23 19 


File: p71
Use Time: 100.395 s
result:  
34919
1 1 1 1 1 1 1 1 1 1 0 0 1 1 1 0 0 1 1 1 1 1 1 1 1 1 1 0 1 0 
18 19 21 22 2 12 21 28 22 28 4 28 13 1 28 18 1 20 22 0 18 21 5 24 23 18 24 19 4 2 19 19 4 21 28 6 20 8 24 21 18 9 6 4 8 19 13 21 19 14 24 24 24 21 8 6 25 9 18 25 4 0 7 8 13 25 5 14 28 25 18 12 19 9 23 23 20 23 8 24 23 0 9 25 4 13 6 5 24 7 28 6 25 25 2 3 28 6 0 28 28 21 25 18 4 0 4 24 22 3 19 4 18 12 12 8 28 7 17 8 26 25 17 19 26 21 2 12 26 17 28 24 25 20 23 9 3 3 28 14 12 22 12 25 25 5 24 21 18 25 24 17 23 0 8 12 2 21 3 13 13 0 23 24 5 24 5 4 3 21 1 20 19 14 26 2 0 20 4 20 5 21 2 19 12 8 28 23 0 21 2 21 6 4 7 12 7 21 23 19 