Ä£ÄâÍË»ð·¨£º
File: p1
Use Time: 36.759 s
result:  
8848
1 1 1 1 1 0 1 0 1 0 
8 2 1 6 3 8 2 4 4 1 4 0 3 2 8 3 2 0 6 4 3 4 6 4 2 6 1 6 0 1 2 6 0 3 4 4 4 3 0 4 3 8 1 6 4 0 2 0 4 0

File: p2
Use Time: 40.093 s
result:  
7913
1 1 1 1 1 0 1 0 1 1 
8 2 1 6 3 8 2 4 4 1 9 0 3 2 8 3 4 0 9 4 3 4 6 4 2 6 1 6 0 1 2 6 0 3 9 4 4 3 0 4 3 8 1 6 4 0 2 0 4 0

File: p3
Use Time: 36.769 s
result:  
9314
1 1 1 1 1 0 1 0 1 0 
8 2 1 6 3 8 2 4 4 1 4 0 3 2 8 3 2 0 6 4 3 4 6 4 2 6 1 6 0 1 2 6 0 3 4 4 4 3 0 4 3 8 1 6 4 0 2 0 4 0

File: p4
Use Time: 37.409 s
result:  
10714
1 1 1 1 1 0 1 0 1 0 
8 2 1 6 3 8 2 4 4 1 4 0 3 2 8 3 2 0 6 4 3 4 6 4 2 6 1 6 0 1 2 6 0 3 4 4 4 3 0 4 3 8 1 6 4 0 2 0 4 0

File: p5
Use Time: 35.809 s
result:  
8838
1 1 1 1 1 0 1 0 1 1 
8 8 1 6 3 8 2 4 4 1 9 8 3 2 8 3 2 0 9 9 3 8 6 4 2 6 1 1 0 1 2 6 0 3 9 4 4 3 0 4 1 8 1 6 4 0 9 3 4 0

File: p6
Use Time: 35.239 s
result:  
7777
1 1 1 1 1 0 1 1 1 1 
8 8 1 6 3 8 2 4 4 1 9 8 3 2 8 3 4 0 9 7 3 8 6 4 2 6 1 1 0 1 2 6 0 3 9 4 4 3 0 4 1 8 1 6 7 0 2 3 7 0

File: p7
Use Time: 35.869 s
result:  
9488
1 1 1 1 1 0 1 0 1 1 
8 8 1 6 3 8 2 4 4 1 9 8 3 2 8 3 2 0 9 9 3 8 6 4 2 6 1 1 0 1 2 6 0 3 9 4 4 3 0 4 1 8 1 6 4 0 9 3 4 0

File: p8
Use Time: 36.749 s
result:  
11088
1 1 1 1 1 0 1 0 1 1 
8 8 1 6 3 8 2 4 4 1 9 8 3 2 8 3 2 0 9 9 3 8 6 4 2 6 1 1 0 1 2 6 0 3 9 4 4 3 0 4 1 8 1 6 4 0 9 3 4 0

File: p9
Use Time: 34.139 s
result:  
8462
1 1 1 0 1 0 1 0 1 0 
8 8 1 6 1 8 2 4 4 1 4 8 0 2 8 0 2 0 6 4 1 8 6 4 2 6 1 1 8 1 2 6 0 0 4 4 4 1 0 4 1 8 1 6 4 0 2 0 4 0

File: p10
Use Time: 33.69 s
result:  
7617
1 1 1 1 1 0 1 1 1 0 
8 8 1 6 3 8 2 4 4 1 4 8 3 2 8 3 4 0 6 7 3 8 6 4 2 6 1 1 0 1 2 6 0 3 4 4 4 3 0 4 1 8 1 6 7 0 4 0 4 0

File: p11
Use Time: 34.169 s
result:  
8932
1 1 1 0 1 0 1 0 1 0 
8 8 1 6 1 8 2 4 4 1 4 8 0 2 8 0 2 0 6 4 1 8 6 4 2 6 1 1 8 1 2 6 0 0 4 4 4 1 0 4 1 8 1 6 4 0 2 0 4 0

File: p12
Use Time: 36.011 s
result:  
10132
1 1 1 0 1 0 1 0 1 0 
8 8 1 6 1 8 2 4 4 1 4 8 0 2 8 0 2 0 6 4 1 8 6 4 2 6 1 1 8 1 2 6 0 0 4 4 4 1 0 4 1 8 1 6 4 0 2 0 4 0

File: p13
Use Time: 35.049 s
result:  
8260
1 1 0 0 0 0 0 0 0 1 1 0 0 1 1 1 0 1 0 1 
0 1 10 10 1 13 17 13 14 17 15 19 1 10 13 14 15 10 17 9 14 15 15 19 9 1 0 17 1 17 13 15 13 0 1 10 17 19 19 13 14 0 15 0 9 13 14 10 19 9

File: p14
Use Time: 37.002 s
result:  
7137
0 0 0 1 0 0 0 0 0 1 1 0 0 1 1 1 1 1 0 1 
16 3 10 10 19 13 17 13 14 17 15 19 19 10 13 3 15 10 17 9 14 15 15 19 9 17 16 17 3 17 13 15 13 16 3 10 3 19 19 13 9 16 15 16 3 13 14 10 19 9

File: p15
Use Time: 35.678 s
result:  
8892
0 0 0 1 0 0 1 0 0 0 1 0 0 1 0 1 1 1 0 1 
16 3 10 10 19 15 17 13 3 17 15 19 19 6 13 3 15 10 17 6 15 15 15 19 6 17 16 17 3 17 13 15 13 16 3 10 3 19 19 13 6 16 16 16 3 13 10 10 19 6

File: p16
Use Time: 36.065 s
result:  
10462
0 0 0 1 0 0 0 0 0 1 1 0 0 1 0 1 1 1 0 1 
16 3 10 10 19 15 17 13 3 17 15 19 19 10 13 3 15 10 17 9 3 15 15 19 9 17 16 17 3 17 13 15 13 16 3 10 3 19 19 13 9 16 16 16 3 13 15 10 19 9

File: p17
Use Time: 34.595 s
result:  
8240
1 1 0 0 0 0 0 0 0 1 1 0 0 1 1 1 0 1 0 1 
0 1 10 10 1 15 17 13 14 17 15 19 1 10 13 14 15 10 17 9 14 15 15 19 9 1 0 17 1 17 13 15 13 0 1 10 17 19 19 13 9 0 15 0 9 13 14 10 19 9

File: p18
Use Time: 34.472 s
result:  
7125
0 0 0 1 0 0 0 0 0 1 1 0 0 1 1 1 1 1 0 1 
16 3 10 10 19 15 17 13 14 17 15 19 19 10 13 3 15 10 17 9 14 15 15 19 9 17 16 17 3 17 13 15 13 16 3 10 3 19 19 13 9 16 15 16 3 13 14 10 19 9

File: p19
Use Time: 34.897 s
result:  
8887
0 0 0 1 0 0 1 0 0 0 1 0 0 1 0 1 1 1 0 1 
16 3 10 10 19 13 17 13 3 17 15 19 19 6 13 3 15 10 17 6 15 15 15 19 6 17 16 17 3 17 13 15 13 16 3 10 3 19 19 13 6 16 15 16 3 13 10 10 19 6

File: p20
Use Time: 35.271 s
result:  
10487
0 0 0 1 0 0 1 0 0 0 1 0 0 1 0 1 1 1 0 1 
16 3 10 10 19 13 17 13 3 17 15 19 19 6 13 3 15 10 17 6 15 15 15 19 6 17 16 17 3 17 13 15 13 16 3 10 3 19 19 13 6 16 15 16 3 13 10 10 19 6

File: p21
Use Time: 34.931 s
result:  
8068
1 0 0 0 0 0 0 0 0 1 1 0 1 1 0 1 0 1 0 1 
0 12 10 10 19 12 17 13 12 17 15 19 19 10 13 12 15 10 17 9 12 15 15 19 9 17 0 17 12 17 13 15 13 0 12 10 17 19 19 13 10 0 0 0 9 13 12 10 19 9

File: p22
Use Time: 34.529 s
result:  
7092
1 0 0 1 0 0 0 0 0 1 1 0 0 1 1 1 0 1 0 1 
0 3 10 10 19 15 17 13 14 17 15 19 19 10 13 3 15 10 17 9 14 15 15 19 9 17 0 17 3 17 13 15 13 0 3 10 3 19 19 13 10 0 0 0 3 13 14 10 19 9

File: p23
Use Time: 36.122 s
result:  
8746
1 0 0 1 0 0 0 0 0 1 1 0 0 1 0 1 0 1 0 1 
0 3 10 10 19 15 17 13 3 17 15 19 19 10 13 3 15 10 17 9 15 15 15 19 9 17 0 17 3 17 13 15 13 0 3 10 3 19 19 13 10 0 0 0 3 13 15 10 19 9

File: p24
Use Time: 35.662 s
result:  
10346
1 0 0 1 0 0 0 0 0 1 1 0 0 1 0 1 0 1 0 1 
0 3 10 10 19 15 17 13 3 17 15 19 19 10 13 3 15 10 17 9 15 15 15 19 9 17 0 17 3 17 13 15 13 0 3 10 3 19 19 13 10 0 0 0 3 13 15 10 19 9

File: p25
Use Time: 104.904 s
result:  
11900
1 0 1 0 0 1 0 0 1 0 0 1 0 0 1 0 0 1 0 0 1 0 0 0 1 0 0 0 0 0 
20 11 20 14 20 5 14 24 14 17 24 8 8 20 2 14 14 17 5 11 14 0 5 2 24 8 2 24 5 24 5 11 20 11 20 20 24 24 0 14 0 14 24 8 24 14 0 20 11 8 5 14 14 5 20 20 17 11 11 14 0 5 20 11 11 11 24 0 5 5 20 20 11 0 24 8 24 20 14 24 20 0 20 17 2 17 17 0 20 5 2 24 17 11 0 5 2 2 11 20 8 17 17 11 2 5 17 11 14 8 14 14 2 11 11 11 24 24 24 24 5 8 11 20 8 11 5 24 0 11 0 0 24 5 8 14 0 5 20 17 0 8 20 14 8 11 11 5 2 5

File: p26
Use Time: 106.632 s
result:  
10989
1 0 1 0 0 1 0 0 1 0 0 1 0 0 1 0 0 1 0 0 1 0 0 0 1 0 0 0 0 0 
20 11 20 14 20 5 17 24 14 17 5 8 8 20 2 14 14 17 11 11 14 0 11 2 24 8 2 24 24 24 5 11 20 11 20 20 24 24 0 14 0 14 24 8 24 14 0 20 11 8 5 2 14 5 20 20 17 11 0 14 0 5 20 11 11 11 24 0 24 24 20 20 11 0 24 8 24 20 14 24 20 0 20 17 2 17 0 0 20 5 2 24 17 0 0 24 14 0 11 8 8 17 17 11 2 11 0 11 14 8 14 2 2 11 11 0 24 24 5 24 5 8 5 20 20 0 5 24 0 0 0 11 24 11 14 14 0 5 20 17 0 8 20 14 8 11 11 5 2 5

File: p27
Use Time: 107.509 s
result:  
12617
1 0 1 0 0 1 0 0 1 0 0 1 0 0 1 0 0 1 0 0 1 0 0 0 1 0 0 0 0 0 
20 11 20 2 20 5 14 24 14 17 24 8 8 20 2 14 14 17 5 11 2 0 5 17 5 8 2 24 5 24 5 11 20 11 20 20 24 24 0 14 0 14 24 8 24 14 0 20 11 8 5 14 14 5 20 20 17 11 11 14 0 5 20 11 11 11 24 0 24 5 20 20 11 0 24 8 24 20 14 24 20 0 20 17 17 17 17 0 20 5 2 24 17 11 0 24 2 14 11 20 8 0 17 11 2 5 0 11 14 8 14 14 2 11 11 11 24 24 24 24 5 8 11 20 8 11 5 24 0 11 0 11 24 5 8 14 0 5 20 17 0 8 20 14 8 11 11 5 2 5

File: p28
Use Time: 114.124 s
result:  
13972
1 0 1 0 0 1 0 0 0 0 0 1 0 0 1 0 0 1 0 0 1 0 0 0 1 0 0 0 0 0 
20 11 20 2 20 5 2 24 14 17 24 20 14 20 0 14 14 17 5 11 2 0 5 0 5 20 2 24 5 24 5 11 20 11 20 20 24 24 0 14 0 14 24 14 24 14 0 20 11 14 5 14 14 5 20 20 17 11 11 14 0 5 20 11 11 11 24 0 5 24 20 20 11 0 24 20 24 20 14 24 20 0 20 17 17 17 17 0 20 5 2 24 17 11 0 5 2 0 11 20 20 17 17 11 2 5 0 11 14 14 14 14 2 11 11 11 24 24 24 24 5 14 11 20 20 0 5 24 0 11 0 11 24 5 14 14 0 5 20 17 0 20 20 14 20 11 11 5 2 5

File: p29
Use Time: 105.275 s
result:  
12670
1 0 1 0 0 1 1 0 1 0 0 1 0 0 1 1 0 1 0 0 1 0 0 0 1 1 0 0 0 0 
20 11 6 2 20 5 2 24 14 17 5 8 8 20 2 14 14 17 25 11 2 0 5 17 5 8 2 24 24 24 25 25 6 25 20 20 24 15 0 14 0 14 15 8 24 14 11 20 25 8 25 14 14 5 6 20 17 11 11 14 0 5 20 11 11 11 24 0 5 5 8 6 11 17 24 8 24 20 2 24 20 0 20 17 17 17 17 0 20 5 2 24 17 11 17 24 2 2 25 8 8 17 17 25 2 25 0 11 14 8 14 14 2 11 11 25 24 15 5 24 5 8 25 20 8 0 5 15 0 25 0 11 24 25 8 14 17 5 20 17 0 8 20 14 8 11 25 5 2 5

File: p30
Use Time: 102.801 s
result:  
11461
1 0 1 0 0 1 0 0 1 0 0 1 0 1 1 0 0 1 0 0 1 0 0 0 1 1 0 0 0 0 
13 11 13 2 20 5 2 24 8 17 5 8 8 20 2 14 14 17 25 11 2 0 25 17 25 8 17 24 5 5 25 25 13 25 20 20 24 24 0 14 0 14 24 8 24 14 0 13 11 8 5 14 14 5 13 20 17 25 0 14 0 5 20 11 11 11 5 0 25 25 13 20 11 17 24 8 24 20 14 24 20 0 13 17 17 17 17 0 20 5 2 24 17 11 17 24 2 2 11 20 8 17 17 25 2 25 17 11 14 8 14 14 2 11 11 11 24 24 5 24 5 8 25 13 8 11 5 25 0 0 0 11 24 25 8 14 0 5 20 17 0 8 20 14 8 25 25 5 2 5

File: p31
Use Time: 97.409 s
result:  
13608
1 0 1 0 0 1 0 0 1 0 0 1 0 1 1 0 0 1 0 0 1 0 0 0 1 1 0 0 0 0 
20 11 13 2 20 5 2 24 14 17 25 8 8 20 17 14 14 17 25 11 2 0 25 17 25 8 2 24 5 5 25 25 13 25 20 20 24 24 0 14 0 14 24 8 24 14 0 13 11 8 25 14 14 5 13 20 17 11 0 14 0 5 20 11 11 11 24 0 25 25 20 20 11 17 24 8 5 20 2 24 20 0 13 17 2 17 17 0 20 5 2 24 17 11 17 5 2 2 25 13 8 17 17 25 2 25 17 11 14 8 14 14 2 11 11 11 24 24 5 24 5 8 25 13 8 0 5 5 0 11 0 11 24 25 8 14 0 5 20 17 0 8 20 14 8 11 25 5 2 5

File: p32
Use Time: 97.273 s
result:  
15808
1 0 1 0 0 1 0 0 1 0 0 1 0 1 1 0 0 1 0 0 1 0 0 0 1 1 0 0 0 0 
20 11 13 2 20 5 2 24 14 17 25 8 8 20 2 14 14 17 25 11 2 0 25 17 25 8 2 24 5 5 25 25 13 25 20 20 24 24 0 14 0 14 24 8 24 14 0 13 11 8 25 14 14 5 13 20 17 11 0 14 0 5 20 11 11 11 24 0 25 25 20 20 11 17 24 8 5 20 2 24 20 0 13 17 2 17 17 0 20 5 2 24 17 11 17 5 2 2 25 13 8 17 17 25 2 25 17 11 14 8 14 14 2 11 11 11 24 24 5 24 5 8 25 13 8 0 5 5 0 11 0 11 24 25 8 14 17 5 20 17 0 8 20 14 8 11 25 5 2 5

File: p33
Use Time: 99.978 s
result:  
11849
1 0 1 0 0 1 0 0 1 0 0 1 0 0 1 0 0 1 0 0 1 0 0 0 1 0 0 0 0 0 
20 11 20 2 8 5 2 24 14 17 5 8 8 20 17 14 14 17 5 11 2 0 5 17 5 8 2 24 5 24 5 11 20 11 20 20 24 24 0 14 0 14 24 8 24 14 0 20 11 8 5 14 14 5 20 20 17 11 0 14 0 5 20 11 11 11 24 0 5 5 8 20 11 17 24 8 24 20 14 24 20 0 20 17 17 17 17 0 20 5 2 24 17 11 17 5 2 2 11 8 8 17 17 11 2 5 17 11 14 8 14 14 2 11 11 11 24 24 24 24 5 8 11 20 8 0 5 24 0 11 0 11 24 5 8 14 17 5 20 17 0 8 20 14 8 11 11 5 2 5

File: p34
Use Time: 97.826 s
result:  
10820
1 0 1 0 0 1 0 0 1 0 0 1 0 0 1 0 0 1 0 0 1 0 0 0 1 0 0 0 0 0 
20 11 8 2 20 5 2 24 14 17 5 8 8 20 17 14 14 17 5 11 17 0 5 17 5 8 2 24 5 5 5 11 20 11 20 20 24 24 0 14 0 14 24 8 24 14 0 20 11 8 5 14 14 5 20 20 17 11 11 14 0 5 20 11 11 11 24 0 5 24 8 20 11 17 24 8 24 20 14 24 20 0 20 17 17 17 17 0 20 5 2 24 17 11 17 5 2 17 11 8 8 17 17 11 2 11 17 11 14 8 14 14 2 11 11 11 24 24 24 24 5 8 11 20 20 0 5 24 0 0 0 0 24 5 8 14 17 5 20 17 0 8 20 14 8 11 11 5 2 5

File: p35
Use Time: 100.122 s
result:  
12568
1 0 1 0 0 1 0 0 1 0 0 1 0 0 1 0 0 1 0 0 1 0 0 0 1 0 0 0 0 0 
20 11 20 2 8 5 2 24 14 17 5 8 8 20 17 14 14 17 5 11 2 0 5 17 5 8 2 24 5 24 5 11 20 11 20 20 24 24 0 14 0 14 24 8 24 14 0 20 11 8 5 14 14 5 20 20 17 11 0 14 0 5 20 11 11 11 24 0 5 5 8 20 11 17 24 8 24 20 14 24 20 0 20 17 17 17 17 0 20 5 2 24 17 11 17 5 2 2 11 8 8 17 17 11 2 5 17 11 14 8 14 14 2 11 11 11 24 24 24 24 5 8 11 20 8 0 5 24 0 11 0 11 24 5 8 14 17 5 20 17 0 8 20 14 8 11 11 5 2 5

File: p36
Use Time: 100.517 s
result:  
14368
1 0 1 0 0 1 0 0 1 0 0 1 0 0 1 0 0 1 0 0 1 0 0 0 1 0 0 0 0 0 
20 11 20 2 8 5 2 24 14 17 5 8 8 20 17 14 14 17 5 11 2 0 5 17 5 8 2 24 5 24 5 11 20 11 20 20 24 24 0 14 0 14 24 8 24 14 0 20 11 8 5 14 14 5 20 20 17 11 0 14 0 5 20 11 11 11 24 0 24 5 8 20 11 17 24 8 24 20 14 24 20 0 20 17 17 17 17 0 20 5 2 24 17 11 17 5 2 2 11 8 8 17 17 11 2 5 17 11 14 8 14 14 2 11 11 11 24 24 24 24 5 8 11 20 8 0 5 24 0 11 0 11 24 5 8 14 17 5 20 17 0 8 20 14 8 11 11 5 2 5

File: p37
Use Time: 99.754 s
result:  
11580
1 0 0 0 0 1 0 0 0 0 0 1 0 0 1 0 0 1 0 0 1 0 0 0 1 0 0 0 0 0 
20 11 20 14 20 5 17 24 17 17 24 20 20 20 17 14 17 17 5 11 14 17 0 17 24 20 17 24 5 24 11 11 20 11 20 20 24 24 17 14 0 14 24 17 24 14 0 20 11 14 11 14 14 5 20 20 17 11 11 14 0 5 20 11 11 11 24 0 5 24 20 20 11 17 24 20 24 20 14 24 20 17 20 17 17 17 17 0 20 11 17 24 17 11 17 24 17 5 0 20 20 0 17 11 17 11 17 11 14 14 14 14 17 11 11 24 24 24 24 24 5 14 11 20 20 11 5 24 0 11 0 11 24 24 14 14 17 5 20 17 0 20 20 14 20 11 11 5 17 5

File: p38
Use Time: 98.718 s
result:  
10865
1 0 1 0 0 1 0 0 1 0 0 1 0 0 1 0 0 1 0 0 1 0 0 0 1 0 0 0 0 0 
20 11 20 14 20 5 14 24 14 17 5 8 8 20 17 14 14 17 5 11 14 0 5 2 24 8 2 24 24 24 5 11 20 0 20 20 24 24 17 14 0 14 24 8 24 14 17 20 11 8 5 14 14 5 20 20 17 11 0 14 0 5 20 11 11 11 24 0 5 5 20 20 11 17 24 8 24 20 14 24 20 0 20 17 2 17 17 0 20 5 2 24 17 11 17 5 2 2 5 20 8 17 17 11 2 11 17 11 14 8 14 2 2 11 11 5 24 24 24 24 5 8 11 20 8 17 5 24 0 0 0 0 24 0 20 14 17 5 20 17 0 8 20 14 8 11 11 5 2 5

File: p39
Use Time: 100.625 s
result:  
12244
1 0 0 0 0 1 0 0 1 0 0 1 0 0 1 0 0 1 0 0 1 0 0 0 1 0 0 0 0 0 
20 11 20 14 20 5 14 24 14 17 5 8 8 20 17 14 14 17 5 11 14 0 5 17 24 8 17 24 5 24 5 11 20 11 20 20 24 24 0 14 0 14 24 8 24 14 0 20 11 8 11 14 14 5 20 20 17 0 0 14 0 5 20 11 11 11 24 0 24 24 20 20 11 17 24 8 24 20 14 24 20 0 20 17 17 17 17 17 20 5 17 24 17 11 17 5 14 5 11 20 20 17 17 11 17 11 17 11 14 8 14 14 17 11 11 11 24 24 24 24 5 8 11 20 20 11 5 24 0 11 0 11 24 5 8 14 0 5 20 17 0 8 20 14 8 11 11 5 17 5

File: p40
Use Time: 105.361 s
result:  
13351
1 0 0 0 0 1 0 0 0 0 0 1 0 0 1 0 0 1 0 0 1 0 0 0 1 0 0 0 0 0 
20 11 20 14 20 5 17 24 14 17 24 20 20 20 17 14 14 17 5 11 14 0 5 17 5 20 17 24 5 24 5 11 20 11 20 20 24 24 0 14 0 14 24 14 24 14 0 20 11 14 5 14 14 5 20 20 17 11 11 14 0 5 20 11 11 11 24 0 24 24 20 20 11 17 24 20 24 20 14 24 20 0 20 17 17 17 17 0 20 5 17 24 17 11 17 5 14 17 11 20 20 17 17 11 17 5 17 11 14 14 14 14 17 11 11 11 24 24 24 24 5 14 11 20 20 0 5 24 0 11 0 11 24 5 14 14 17 5 20 17 0 20 20 14 20 11 11 5 17 5

File: p41
Use Time: 46.885 s
result:  
6705
1 0 0 0 1 1 1 1 1 1 
5 6 4 6 7 9 7 7 8 8 4 6 7 6 7 7 7 8 0 6 6 6 4 4 6 5 5 4 5 5 8 0 0 0 7 9 9 6 6 9 9 7 7 7 7 5 0 5 6 4 4 6 6 6 7 7 7 8 8 8 0 0 6 5 0 6 6 6 4 4 0 4 4 0 7 7 7 7 6 5 7 9 7 7 9 9 9 9 9 9

File: p42
Use Time: 39.45 s
result:  
5680
1 0 0 0 0 0 0 0 0 0 0 1 0 0 1 0 0 1 0 1 
11 19 11 11 19 19 0 11 17 17 11 19 19 19 19 0 0 17 14 14 14 11 14 11 11 11 11 17 17 11 0 19 19 11 14 19 19 0 0 0 0 11 17 0 11 14 19 19 0 19 17 17 17 17 17 11 17 14 14 14 11 11 11 11 11 11 0 0 19 19 19 19 19 19 19 19 19 19 19 19

File: p43
Use Time: 35.678 s
result:  
5533
0 0 0 0 0 0 0 0 0 0 0 0 1 0 0 0 0 0 0 1 0 0 0 0 0 1 0 0 0 1 
12 19 19 29 25 19 25 19 29 29 29 25 25 25 12 19 19 19 19 19 25 25 19 19 19 25 29 12 29 29 29 29 25 25 19 19 25 19 19 12 29 12 29 29 29 25 25 19 19 19 19 25 25 12 12 12 19 19 25 29 29 29 25 29 29 29 29 29 29 29

File: p44
Use Time: 43.165 s
result:  
7028
1 1 1 1 1 0 1 1 1 1 
4 4 4 4 4 4 4 4 0 0 6 0 0 0 0 0 1 8 1 7 1 1 1 2 2 2 2 2 2 2 2 3 3 3 3 3 3 3 3 3 4 0 1 1 2 8 7 0 9 7 7 6 4 9 8 8 7 7 9 7 7 4 9 3 0 6 6 8 1 0 4 7 9 7 7 8 6 6 7 8 7 9 9 9 9 9 6 7 7 4

File: p45
Use Time: 37.844 s
result:  
6285
1 0 1 0 1 1 1 0 1 0 0 0 0 1 0 0 0 0 0 0 
0 0 0 0 0 0 0 6 6 6 6 6 6 6 6 2 2 2 2 2 2 4 4 4 4 4 4 4 4 5 5 5 5 5 5 5 5 5 0 0 2 2 4 8 13 5 13 13 6 5 8 13 8 13 13 0 5 6 2 2 2 2 6 13 13 13 8 8 13 6 13 2 13 8 8 8 8 13 6 13

File: p46
Use Time: 32.934 s
result:  
5766
0 0 0 1 0 1 0 0 0 1 1 1 0 1 0 0 0 0 0 0 0 0 0 0 0 0 0 0 0 0 
10 10 10 10 10 10 10 11 11 11 11 11 11 11 11 3 3 3 3 3 3 5 5 5 5 5 5 9 9 9 9 13 9 9 10 3 3 5 3 11 10 3 3 11 3 3 3 13 13 13 10 13 13 11 3 13 13 11 3 3 3 11 10 13 13 13 13 13 11 3

File: p47
Use Time: 40.834 s
result:  
6228
1 1 1 1 1 1 1 1 1 1 
0 0 0 0 0 0 0 0 2 0 1 1 1 2 1 1 1 2 2 2 2 2 2 2 2 2 2 3 3 3 3 3 3 3 3 4 4 4 4 4 4 4 4 4 4 4 4 5 5 5 5 5 5 5 6 6 6 6 6 6 6 6 7 7 6 7 6 0 7 7 7 7 7 7 8 8 8 8 6 8 8 8 9 2 9 9 9 0 9 9

File: p48
Use Time: 36.744 s
result:  
5771
1 0 1 0 0 1 1 0 1 0 0 1 0 0 1 0 0 1 0 0 
0 0 0 0 0 0 0 0 0 2 2 2 2 2 2 5 5 5 5 5 5 5 5 5 6 6 6 6 6 6 6 8 8 8 8 8 11 8 8 8 8 8 11 11 11 11 11 11 11 17 11 11 17 11 8 14 14 11 14 11 0 14 14 14 14 17 17 17 17 17 17 17 17 17 17 17 17 17 0 0

File: p49
Use Time: 32.01 s
result:  
5695
0 1 0 0 1 0 0 1 0 0 0 0 0 0 0 1 1 0 0 0 0 1 0 0 0 0 1 0 0 0 
26 1 1 1 1 1 1 1 4 4 4 4 4 7 7 7 7 7 7 7 7 7 7 7 15 7 7 15 15 15 15 15 15 15 15 15 16 16 16 16 16 16 15 26 15 15 15 15 21 15 21 15 1 21 21 21 21 26 26 26 26 26 26 26 26 26 26 26 26 26

File: p50
Use Time: 52.731 s
result:  
8899
1 1 1 1 0 1 1 1 0 1 
3 6 3 0 2 9 5 5 3 7 7 3 6 9 9 9 9 5 5 3 6 0 0 0 0 6 7 3 3 7 7 7 3 3 3 5 9 9 0 6 0 9 9 9 5 5 5 5 5 3 3 5 6 0 0 0 6 6 1 2 9 7 7 7 3 3 0 3 7 7 3 6 6 0 0 3 3 3 3 3 3 5 2 2 2 2 6 7 2 7 9 1 2 2 1 1 1 1 1 1

File: p51
Use Time: 55.39 s
result:  
7521
0 0 0 0 0 1 0 0 0 0 1 0 0 1 0 1 1 0 0 1 
15 10 19 10 16 13 5 16 15 5 5 19 16 13 13 13 13 16 5 15 10 10 10 19 10 10 15 19 19 15 5 15 19 19 15 5 13 13 10 10 10 13 13 13 16 5 5 5 5 15 15 5 10 10 10 10 13 10 16 16 13 5 5 5 15 15 10 19 15 15 15 10 10 10 10 19 19 19 19 19 19 5 16 16 16 13 13 5 16 5 13 13 16 16 16 13 13 13 13 13

File: p52
Use Time: 53.405 s
result:  
9180
0 0 0 1 1 1 1 1 1 1 
7 7 7 7 7 7 7 7 3 4 4 4 3 4 4 4 4 8 8 8 8 3 3 8 3 9 9 9 9 9 9 9 9 5 6 6 6 6 6 6 6 6 6 6 7 7 4 8 8 5 5 3 4 6 7 5 3 3 3 4 6 5 5 3 3 3 5 7 4 7 6 6 4 3 3 5 3 4 7 6 6 4 3 5 5 3 3 7 5 4 5 5 6 5 5 6 3 4 3 7

File: p53
Use Time: 54.057 s
result:  
8531
0 0 0 1 0 1 0 1 0 1 0 0 1 0 0 1 0 0 1 0 
5 5 5 5 5 5 5 5 7 7 7 7 7 7 7 7 7 12 3 12 12 3 12 12 3 9 9 9 9 9 9 9 9 15 18 18 18 18 18 18 18 18 18 18 5 5 7 12 12 15 15 3 7 18 5 15 3 3 3 7 18 15 15 3 3 3 15 18 7 5 18 18 7 3 3 15 3 7 7 15 18 7 3 15 15 3 3 5 15 3 15 15 18 15 15 18 3 7 3 5

File: p54
Use Time: 49.755 s
result:  
8838
1 0 1 1 1 0 1 0 1 1 
9 2 2 2 2 2 2 2 2 2 2 2 2 2 2 2 2 2 2 3 3 3 2 3 3 2 3 3 3 3 3 3 3 3 3 3 3 3 3 6 6 8 8 6 8 8 8 8 8 8 3 3 6 6 6 6 6 6 6 6 6 0 4 6 0 6 6 6 6 0 0 6 0 4 4 0 0 0 0 0 0 4 4 4 4 4 4 4 4 4 4 4 4 9 9 9 9 4 9 9

File: p55
Use Time: 51.39 s
result:  
7786
0 0 1 0 0 0 1 1 1 1 0 0 0 1 0 0 0 0 1 0 
18 18 18 18 18 18 18 2 8 8 8 8 2 8 2 8 2 2 8 6 6 6 2 6 2 2 6 2 6 6 6 6 6 6 6 6 6 6 6 7 7 7 7 7 7 7 7 7 7 7 7 6 7 7 7 7 7 7 7 7 7 7 13 7 9 7 9 7 7 9 9 9 9 13 18 13 9 13 9 9 13 13 13 13 18 13 13 18 18 13 18 18 18 18 18 18 18 18 18 18

File: p56
Use Time: 143.435 s
result:  
22300
1 0 1 0 1 0 1 1 1 1 1 1 1 1 1 0 1 0 1 1 0 1 1 1 1 1 1 1 1 0 
18 19 21 27 2 12 21 27 22 28 4 28 13 13 28 18 13 10 22 0 18 16 23 24 10 18 27 19 4 2 19 19 4 16 27 6 8 8 24 16 18 9 6 4 8 19 13 21 19 14 24 16 24 16 8 6 11 9 18 7 4 0 7 8 13 11 23 14 28 25 18 12 19 9 23 23 10 23 8 16 10 0 9 25 4 13 6 2 27 7 28 6 25 25 2 13 11 6 0 28 28 21 25 18 4 0 4 24 22 13 19 4 27 12 12 8 28 7 14 8 26 11 28 19 26 16 2 11 26 0 28 24 25 10 23 9 13 13 28 10 12 22 11 11 25 2 24 21 27 25 24 0 23 0 8 11 2 16 13 13 13 27 10 24 23 27 23 4 13 21 23 8 19 14 26 2 0 10 4 10 2 21 2 19 12 8 28 23 0 21 2 21 6 4 7 12 7 21 10 19

File: p57
Use Time: 145.595 s
result:  
28010
1 0 1 0 1 0 1 0 1 0 1 1 1 1 0 0 0 0 1 1 1 1 1 1 1 1 1 1 1 0 
18 19 21 27 2 12 21 27 22 28 4 28 13 13 28 18 13 20 22 0 18 21 23 24 10 18 27 19 4 2 19 19 4 21 27 6 20 8 24 21 18 8 6 4 8 19 13 21 19 20 24 24 24 21 8 6 11 8 18 25 4 0 18 8 13 11 23 19 28 25 18 12 19 8 23 23 20 23 8 24 10 0 26 25 4 13 6 2 27 25 28 6 25 25 2 13 11 6 0 28 28 21 25 18 4 0 4 24 22 13 19 4 27 12 12 8 28 25 0 8 26 11 28 19 26 24 2 11 26 0 28 24 25 20 23 8 13 13 28 10 12 22 11 11 25 2 24 21 27 25 24 0 23 0 8 11 2 21 13 13 13 27 10 24 23 27 23 4 13 21 23 20 19 10 26 2 0 10 4 10 2 21 2 19 12 8 28 23 0 21 2 21 6 4 25 12 25 21 10 19

File: p58
Use Time: 147.143 s
result:  
40696
0 0 1 0 1 1 1 0 0 0 1 1 1 1 1 0 0 1 1 1 1 1 0 0 1 0 1 1 1 0 
18 19 2 27 2 12 21 28 18 28 4 28 13 13 28 18 13 20 27 27 18 24 5 24 10 18 27 19 4 2 19 19 4 21 27 6 20 20 24 21 18 20 6 4 20 19 13 21 19 14 24 24 2 21 20 6 11 26 18 11 4 2 18 20 13 11 5 14 28 12 18 12 19 20 5 10 20 5 20 24 10 17 26 11 4 13 6 5 27 11 28 6 11 11 2 13 28 6 17 28 28 21 12 18 4 24 4 24 27 13 19 4 27 12 12 20 28 11 17 20 26 11 17 19 26 21 2 11 26 17 28 24 11 10 5 26 13 13 28 10 12 27 28 11 11 5 24 21 27 12 24 17 10 17 20 11 2 21 13 13 13 27 10 24 5 27 5 4 13 21 5 20 19 14 26 2 24 10 4 10 5 21 2 19 12 20 28 10 17 21 2 21 6 4 18 12 18 21 10 19

File: p59
Use Time: 144.108 s
result:  
29910
0 0 1 0 1 0 1 0 1 0 1 1 1 1 0 0 1 1 1 1 1 1 0 1 1 1 0 1 1 0 
18 19 21 27 2 12 21 28 18 28 4 28 13 13 28 18 13 20 27 27 18 16 23 24 10 18 27 19 4 2 19 19 4 16 27 6 20 8 24 16 18 8 6 4 8 19 13 21 19 20 24 16 21 16 8 6 11 8 18 25 4 2 18 8 13 11 23 17 28 25 18 12 6 8 23 23 20 23 8 16 10 17 8 25 4 13 6 2 27 25 28 6 25 25 2 13 11 6 17 28 28 21 25 18 4 24 4 24 27 13 19 4 27 12 12 8 28 25 17 8 20 11 17 19 4 16 2 11 19 17 28 24 25 20 23 8 13 13 28 10 12 27 11 11 25 2 24 21 27 25 24 17 23 17 8 11 2 16 13 13 13 27 10 24 23 27 23 4 13 21 23 20 19 10 19 2 24 10 4 10 2 21 2 19 12 8 28 23 17 21 2 21 6 4 25 12 25 21 10 19

File: p60
Use Time: 144.144 s
result:  
21721
1 0 0 1 0 1 1 1 1 0 1 0 1 0 0 1 0 0 0 1 1 1 0 1 1 1 1 1 1 1 
7 19 21 27 21 12 15 27 27 28 29 28 10 3 28 7 3 20 27 0 27 21 5 24 10 27 27 19 29 21 19 19 26 21 27 6 20 8 24 15 7 8 6 26 8 19 3 21 19 20 24 24 24 21 8 6 25 8 27 25 29 0 7 8 3 25 5 19 28 25 7 12 19 8 23 23 20 23 8 24 10 0 26 25 29 10 6 5 27 7 28 6 25 25 0 3 28 6 0 28 28 15 25 7 29 0 29 24 27 3 19 29 27 12 12 8 28 7 0 8 26 25 28 19 26 21 21 12 26 0 28 24 25 20 23 8 3 3 28 10 12 27 12 25 25 5 24 15 27 25 24 0 23 0 8 28 5 15 3 3 3 27 10 24 5 27 5 29 3 21 5 20 19 10 26 21 0 10 29 10 5 21 21 19 12 8 28 23 0 21 21 21 6 29 7 12 7 15 10 19

File: p61
Use Time: 147.204 s
result:  
25850
1 0 1 1 1 0 0 0 1 0 1 0 1 0 0 0 0 0 1 1 1 1 0 1 1 1 0 1 1 0 
18 19 21 27 2 12 21 27 18 28 4 28 10 3 28 18 3 20 27 0 18 21 23 24 10 18 27 19 4 2 19 19 4 21 27 12 20 8 24 21 18 8 12 4 8 19 3 21 19 20 24 24 24 21 8 12 25 8 18 25 4 0 18 8 3 25 23 19 28 25 18 12 19 8 23 23 20 23 8 24 10 0 8 25 4 10 19 2 27 25 28 19 25 25 2 3 28 12 0 28 28 21 25 18 4 0 4 24 27 3 19 4 27 12 12 8 28 25 0 8 20 25 28 19 4 21 2 12 19 0 28 24 25 20 23 8 3 3 28 10 12 27 12 25 25 2 24 21 27 25 24 0 23 0 8 28 2 21 3 3 3 27 10 24 23 27 23 4 3 21 23 20 19 10 4 2 0 10 4 10 2 21 2 19 12 8 28 23 0 21 2 21 19 4 25 12 25 21 10 19

File: p62
Use Time: 149.416 s
result:  
37156
1 0 1 0 1 1 1 1 1 0 1 1 0 1 0 0 0 0 0 1 0 1 1 1 0 0 0 0 1 0 
7 19 21 22 2 6 21 28 22 28 4 28 13 13 28 7 13 10 22 0 11 21 5 0 10 11 22 19 4 2 19 19 4 21 28 6 8 8 21 21 7 8 6 4 8 19 13 21 19 10 0 22 2 21 8 6 11 8 22 7 4 0 7 8 13 11 5 19 28 11 7 6 19 8 23 23 10 23 8 22 10 0 8 7 4 13 6 5 22 7 28 6 7 11 2 13 11 6 0 28 28 21 11 7 4 0 4 21 22 13 19 4 22 6 11 8 28 7 0 8 8 11 28 19 4 21 2 11 19 0 28 21 11 10 23 8 13 13 28 10 11 22 11 11 11 5 21 21 22 11 0 0 23 0 8 11 2 21 13 13 13 0 10 2 5 28 5 4 13 21 5 8 19 10 4 2 0 10 4 10 5 21 2 19 11 8 28 23 0 21 2 21 6 4 7 6 7 21 10 19

File: p63
Use Time: 149.714 s
result:  
26802
0 0 1 0 1 0 1 0 1 0 1 0 0 1 0 0 0 1 1 1 0 0 0 1 1 1 0 1 1 1 
18 19 2 27 2 6 2 27 27 28 4 28 13 13 28 18 13 10 27 27 18 24 23 24 10 18 27 19 29 2 19 19 4 24 27 6 8 8 24 24 18 8 6 4 8 19 13 2 19 10 24 24 24 24 8 6 25 8 18 25 29 17 18 8 13 25 23 17 28 25 18 6 19 8 23 23 10 23 8 24 10 17 8 25 29 13 6 2 27 25 28 6 25 25 2 13 28 6 17 28 28 2 25 18 4 24 4 24 27 13 19 4 27 6 6 8 28 25 17 8 8 25 17 19 4 24 2 28 19 17 28 24 25 10 23 8 13 13 28 10 6 27 28 25 25 23 24 2 27 25 24 17 23 17 8 28 2 2 13 13 13 27 10 24 23 27 23 4 13 2 23 8 19 10 4 2 24 10 29 10 2 2 2 19 6 8 28 23 17 24 2 2 6 4 25 6 25 2 10 19

File: p64
Use Time: 143.266 s
result:  
21658
1 0 1 1 1 1 1 1 1 1 1 0 1 1 0 0 1 0 0 1 0 1 0 0 1 1 0 1 1 1 
7 19 21 27 2 12 21 27 27 28 4 28 13 13 28 7 3 10 27 27 27 16 5 24 10 27 27 19 29 2 19 19 4 16 27 6 8 8 24 16 7 9 6 4 8 19 13 21 19 10 24 16 21 16 8 6 25 9 7 7 29 0 7 8 13 25 5 19 19 25 7 12 19 9 10 10 10 5 8 16 10 0 9 25 29 13 19 5 27 7 28 6 25 25 2 3 28 6 0 28 28 21 25 7 4 0 4 24 27 3 19 4 27 12 12 8 28 7 28 8 9 25 28 19 9 16 2 12 19 0 28 24 25 10 5 9 3 3 28 10 12 27 12 25 25 5 24 16 27 25 24 0 5 0 8 28 2 16 3 13 13 27 10 24 5 27 5 4 3 21 5 8 19 10 4 2 0 10 29 10 5 21 2 19 12 8 28 10 0 21 2 21 6 4 7 12 7 21 10 19

File: p65
Use Time: 146.476 s
result:  
26811
0 0 1 0 1 1 0 0 1 0 0 1 1 1 0 0 0 1 1 1 1 1 0 0 1 1 1 1 1 0 
18 19 21 27 2 12 21 27 18 28 4 28 13 13 28 18 13 20 27 27 18 21 5 24 20 18 27 19 4 2 19 19 4 21 27 12 20 8 24 21 18 8 12 4 8 19 13 21 19 20 24 24 24 21 8 12 11 8 18 25 4 2 18 8 13 11 5 17 28 25 18 12 19 8 5 13 20 5 8 24 13 17 26 25 4 13 19 5 27 25 28 19 25 25 2 13 11 12 17 28 28 21 25 18 4 24 4 24 27 13 19 4 27 12 12 8 28 25 17 8 26 11 17 19 26 21 2 11 26 17 28 24 25 20 5 8 13 13 28 20 12 27 11 11 25 5 24 21 27 25 24 17 5 17 8 11 2 21 13 13 13 27 20 24 5 27 5 4 13 21 5 20 19 20 26 2 24 20 4 20 5 21 2 19 12 8 28 13 17 21 2 21 19 4 25 12 25 21 20 19

File: p66
Use Time: 152.225 s
result:  
34676
1 0 1 1 1 0 1 1 1 0 1 0 1 0 1 0 0 0 0 0 0 1 0 0 0 0 0 1 1 0 
7 6 21 27 2 12 21 27 27 28 4 28 10 3 28 7 3 10 27 0 27 21 2 0 10 27 27 14 4 2 6 4 4 21 27 6 8 8 27 21 7 8 6 4 8 4 3 21 14 14 0 21 2 21 8 6 7 8 27 7 4 0 7 8 3 12 2 14 28 12 7 12 6 8 10 10 10 10 8 21 10 0 8 7 4 10 6 2 27 7 28 6 7 7 2 3 28 6 0 28 28 21 12 7 4 0 4 27 27 3 14 4 27 12 12 8 28 7 14 8 14 12 28 6 4 21 2 12 4 0 28 21 12 10 10 8 3 3 28 10 12 27 12 12 7 2 27 21 27 7 27 0 10 0 8 28 2 21 3 3 3 27 10 2 10 27 2 4 3 21 10 8 28 14 4 2 0 10 4 10 2 21 2 6 12 8 28 10 0 21 2 21 6 4 7 12 7 21 10 6

File: p67
Use Time: 148.53 s
result:  
27356
0 0 1 0 1 0 1 0 1 0 0 0 0 1 1 0 1 1 1 1 0 1 0 1 1 1 0 1 1 0 
18 19 21 27 2 6 21 27 27 28 4 28 13 13 28 18 13 13 27 27 18 16 23 24 23 18 27 19 4 2 19 19 4 16 27 6 8 8 24 16 18 8 6 4 8 19 13 21 19 14 24 16 24 16 8 6 18 8 18 25 4 2 18 8 13 25 23 14 28 25 18 6 19 8 23 23 13 23 8 16 23 17 8 25 4 13 19 2 27 25 28 6 25 25 2 13 27 6 17 28 28 21 25 18 4 24 4 24 27 13 19 4 27 6 6 8 28 25 17 8 14 25 17 19 4 16 2 25 19 17 28 24 25 8 23 8 13 13 28 14 6 18 28 25 25 2 24 16 27 25 24 17 23 17 8 28 2 21 13 13 13 27 23 24 23 27 23 4 13 21 23 8 19 14 4 2 24 14 4 23 2 21 2 19 6 8 28 23 17 21 2 21 6 4 25 6 25 21 23 19

File: p68
Use Time: 144.264 s
result:  
21860
1 0 1 1 1 0 1 1 1 0 1 0 1 1 1 0 1 0 0 1 0 1 1 1 0 1 1 1 1 0 
7 19 21 27 2 12 21 27 22 28 4 28 13 13 28 7 3 10 22 0 27 16 23 0 10 27 27 19 4 2 19 19 4 16 27 6 8 8 16 16 7 8 6 4 8 19 13 21 19 14 0 16 2 16 8 6 25 8 22 25 4 0 7 8 13 25 23 14 28 25 7 12 19 8 23 23 10 23 8 16 10 0 26 25 4 13 6 2 27 7 28 6 25 25 2 3 28 6 0 28 28 21 25 7 4 0 4 27 22 3 19 4 27 12 12 8 28 7 14 8 26 25 28 19 26 16 2 12 26 0 28 21 25 10 23 8 3 3 28 10 12 22 12 25 25 2 16 21 27 25 27 0 23 0 8 28 2 16 3 13 13 27 10 2 23 27 23 4 3 21 23 8 19 14 26 2 0 10 4 10 2 21 2 19 12 8 28 23 0 21 2 21 6 4 7 12 7 21 10 19

File: p69
Use Time: 146.939 s
result:  
26505
0 0 1 0 1 0 1 0 1 0 0 1 0 1 0 0 0 1 1 1 1 1 0 1 1 1 0 1 1 0 
18 19 21 27 2 6 21 27 18 28 4 28 13 13 28 18 13 20 27 27 18 21 23 24 23 18 27 19 4 2 19 19 4 21 27 6 20 8 24 21 18 8 6 4 8 19 13 21 19 20 24 24 24 21 8 6 11 8 18 25 4 2 18 8 13 11 2 17 28 25 18 6 19 8 23 23 20 23 8 24 23 17 8 25 4 13 6 2 27 25 28 6 25 25 2 13 11 6 17 28 28 21 25 18 4 24 4 24 27 13 19 4 27 6 11 8 28 25 17 8 20 11 17 19 4 21 2 11 19 17 28 24 25 20 23 8 13 13 28 20 11 27 11 11 25 2 24 21 27 25 24 17 23 17 8 11 2 21 13 13 13 27 23 24 23 27 23 4 13 21 23 20 19 20 4 2 24 20 4 20 2 21 2 19 11 8 28 23 17 21 2 21 6 4 25 6 25 21 20 19

File: p70
Use Time: 152.249 s
result:  
36939
1 0 1 0 1 0 1 0 1 1 1 1 0 0 1 0 1 0 0 0 0 0 0 1 0 1 0 1 1 0 
27 6 2 27 2 11 16 27 27 28 4 28 10 23 28 11 23 10 27 0 27 16 23 0 10 27 27 14 4 2 6 6 4 16 27 6 8 8 16 16 25 9 6 4 8 14 8 2 14 14 0 16 2 16 8 6 11 9 27 25 4 0 25 8 8 11 23 14 28 25 25 11 6 9 23 23 10 10 8 16 10 0 9 25 4 10 4 2 27 25 28 6 25 25 2 8 11 6 0 28 28 16 25 25 4 0 4 27 27 8 14 4 27 6 11 8 28 25 14 8 9 11 28 6 9 16 2 11 14 0 28 16 11 10 23 9 8 8 28 10 11 27 11 11 25 2 16 16 27 25 27 0 23 0 8 11 2 16 8 8 10 27 10 2 23 27 23 4 23 2 23 8 28 14 4 2 0 10 4 10 2 16 2 6 11 8 28 23 0 2 2 16 6 4 25 6 25 2 10 6

File: p71
Use Time: 148.072 s
result:  
27817
0 0 1 0 1 0 1 0 0 0 1 1 0 1 0 0 0 1 1 1 1 1 0 1 1 1 0 1 1 0 
18 19 21 27 2 6 21 27 18 28 4 28 13 13 28 18 13 20 27 27 18 21 23 24 10 18 27 19 4 2 19 19 4 21 27 6 20 20 24 21 18 20 6 4 20 19 13 21 19 20 24 24 24 21 20 6 11 20 18 25 4 2 18 20 13 11 23 17 28 25 18 6 19 20 23 23 20 23 20 24 10 17 20 25 4 13 6 2 27 25 28 6 25 25 2 13 11 6 17 28 28 21 25 18 4 24 4 24 27 13 19 4 27 6 11 20 28 25 17 20 20 11 17 19 4 21 2 11 19 17 28 24 25 20 23 20 13 13 28 10 11 27 11 11 25 2 24 21 27 25 24 17 23 17 13 11 2 21 13 13 13 27 10 24 23 27 23 4 13 21 23 20 19 10 4 2 24 10 4 10 2 21 2 19 11 20 28 23 17 21 2 21 6 4 25 6 25 21 10 19
